100137
101006
101897
103775
104484
107328
108482
108963
109262
109562
110191
110657
111156
111705
112587
112823
112858
112864
112952
113668
113684
113689
113731
113789
113847
114339
114408
114814
115252
115568
115623
115893
116049
116130
116149
116276
116953
116990
117231
117377
118971
119095
119497
119729
120127
120429
120460
120511
120751
121198
121772
122063
122257
122374
122585
122817
123120
124020
124062
124471
124795
124951
125288
125414
125956
126011
126085
126413
126916
127156
127680
127849
128092
128486
128914
129004
129174
129259
129384
129405
129485
129851
130125
130156
130338
130358
131105
131247
131812
131949
132529
132573
133053
133323
134010
134088
134701
134722
134844
134862
134940
135234
135434
136347
136506
136591
136595
136599
136608
137159
137374
137565
138047
138080
138094
138162
138268
138369
138582
138727
139085
139193
139201
139490
139511
139515
140080
140153
140156
140522
140634
140652
140697
140809
140810
140931
141033
141195
141292
141318
141549
141762
141775
142132
142502
142556
143083
144020
144222
144654
144988
145326
145490
145543
145597
146043
146359
146678
146712
146753
146892
147019
147122
147125
147147
147162
147171
147184
147187
147197
147203
147205
147208
147209
147211
147214
147215
147217
147218
147220
147221
147224
147226
147227
147229
147230
147232
147233
147235
147238
147239
147241
147242
147244
147247
147248
147250
147251
147253
147254
147257
147259
147260
147262
147265
147266
147268
147269
147271
147272
147275
147277
147278
147280
147281
147284
147287
147289
147290
147292
147293
147296
147298
147299
147301
147302
147304
147305
147307
147311
147313
147314
147316
147317
147319
147320
147322
147323
147325
147326
147329
147334
147335
147337
147338
147340
147341
147344
147346
147347
147349
147350
147352
147353
147355
147358
147359
147361
147362
147364
147365
147367
147368
147370
147371
147373
147374
147376
147377
147379
147380
147382
147383
147385
147389
147391
147392
147394
147395
147397
147398
147400
147401
147403
147404
147406
147407
147409
147412
147413
147415
147418
147419
147421
147424
147425
147427
147428
147430
147431
147434
147436
147437
147439
147440
147442
147443
147445
147446
147448
147449
147451
147452
147454
147455
147457
147458
147460
147461
147463
147464
147466
147469
147470
147472
147473
147476
147478
147481
147483
147484
147486
147492
147493
147496
147498
147499
147504
147505
147508
147510
147513
147516
147517
147519
147525
147531
147532
147534
147536
147537
147539
147540
147542
147545
147548
147552
147557
147560
147561
147564
147569
147570
147573
147575
147576
147581
147582
147584
147587
147588
147593
147594
147596
147599
147601
147602
147605
147607
147608
147611
147613
147614
147616
147617
147619
147620
147622
147623
147626
147628
147629
147632
147634
147635
147637
147638
147640
147641
147644
147646
147647
147649
147657
147660
147661
147663
147664
147667
147670
147672
147673
147675
147678
147679
147681
147684
147685
147687
147688
147691
147694
147697
147699
147702
147703
147705
147711
147714
147715
147718
147720
147721
147723
147724
147726
147727
147730
147733
147735
147737
147740
147743
147747
147749
147750
147753
147755
147759
147768
147770
147773
147774
147776
147777
147779
147780
147782
147785
147786
147788
147791
147792
147793
147794
147796
147797
147799
147800
147802
147803
147805
147809
147812
147814
147815
147817
147823
147824
147826
147827
147829
147830
147833
147835
147836
147838
147839
147841
147842
147844
147845
147847
147848
147850
147851
147852
147853
147855
147856
147858
147859
147861
147862
147864
147865
147867
147870
147871
147873
147874
147876
147877
147879
147880
147882
147883
147885
147886
147888
147889
147891
147892
147894
147895
147897
147898
147900
147901
147904
147906
147907
147909
147910
147912
147913
147916
147918
147919
147921
147922
147927
147930
147931
147933
147934
147936
147937
147939
147940
147942
147943
147948
147949
147951
147952
147954
147955
147957
147958
147960
147961
147963
147964
147966
147967
147969
147970
147973
147975
147976
147979
147981
147982
147984
147985
147987
147988
147991
147993
147994
147996
147997
147999
148000
148002
148003
148005
148006
148008
148011
148012
148014
148017
148018
148023
148024
148026
148027
148029
148030
148032
148033
148035
148036
148039
148041
148042
148044
148045
148047
148048
148050
148051
148053
148056
148057
148059
148060
148062
148063
148065
148066
148068
148071
148072
148074
148075
148078
148080
148081
148083
148086
148087
148088
148089
148091
148092
148097
148098
148100
148101
148103
148104
148107
148109
148110
148115
148116
148118
148119
148121
148122
148124
148125
148127
148130
148131
148133
148134
148136
148137
148139
148143
148145
148146
148147
148148
148150
148151
148153
148154
148156
148157
148159
148160
148162
148163
148166
148168
148169
148171
148172
148174
148175
148177
148178
148180
148181
148183
148184
148186
148187
148192
148193
148195
148196
148198
148199
148201
148202
148205
148207
148208
148211
148213
148214
148217
148219
148220
148222
148223
148225
148226
148229
148232
148234
148235
148237
148238
148240
148241
148243
148244
148246
148247
148250
148252
148253
148255
148256
148258
148259
148261
148264
148265
148267
148268
148270
148271
148273
148274
148276
148277
148279
148282
148283
148286
148288
148289
148291
148292
148294
148295
148297
148298
148300
148301
148303
148304
148306
148309
148310
148313
148316
148318
148319
148321
148322
148324
148325
148327
148328
148330
148331
148333
148337
148339
148340
148342
148343
148345
148346
148348
148351
148352
148354
148355
148357
148361
148363
148364
148366
148367
148369
148370
148372
148373
148375
148376
148378
148379
148381
148384
148385
148387
148388
148390
148391
148393
148394
148396
148397
148399
148400
148402
148403
148405
148406
148408
148411
148413
148415
148416
148418
148419
148421
148422
148424
148425
148427
148428
148430
148431
148433
148434
148436
148437
148439
148440
148442
148443
148445
148446
148448
148449
148451
148452
148454
148455
148457
148458
148460
148461
148463
148464
148466
148467
148468
148469
148471
148472
148477
148478
148480
148481
148483
148486
148487
148489
148490
148492
148493
148495
148496
148498
148499
148502
148505
148507
148508
148511
148513
148514
148516
148517
148519
148522
148525
148526
148527
148528
148530
148533
148534
148537
148539
148540
148542
148543
148545
148546
148548
148549
148551
148552
148555
148557
148561
148563
148566
148567
148569
148570
148572
148573
148575
148577
148578
148580
148581
148583
148586
148587
148590
148592
148593
148595
148596
148598
148599
148601
148602
148604
148605
148607
148608
148614
148617
148619
148620
148622
148623
148624
148625
148626
148627
148631
148632
148633
148634
148636
148637
148638
148639
148640
148641
148642
148643
148644
148645
148646
148647
148649
148650
148651
148654
148655
148656
148657
148658
148659
148660
148661
148663
148664
148665
148666
148667
148668
148669
148670
148671
148673
148674
148675
148676
148677
148678
148680
148681
148682
148683
148684
148685
148686
148687
148688
148689
148690
148691
148692
148693
148694
148695
148696
148697
148698
148699
148700
148701
148703
148704
148705
148706
148707
148708
148709
148710
148711
148712
148713
148714
148715
148716
148718
148719
148720
148721
148723
148724
148726
148727
148728
148729
148731
148732
148733
148735
148736
148737
148738
148740
148741
148742
148743
148744
148745
148746
148747
148749
148750
148751
148752
148753
148754
148755
148756
148757
148758
148759
148760
148761
148762
148763
148766
148768
148769
148770
148771
148773
148774
148775
148776
148777
148779
148780
148781
148782
148783
148784
148785
148786
148787
148788
148790
148791
148792
148793
148794
148795
148796
148797
148798
148800
148801
148802
148804
148806
148807
148812
148813
148814
148815
148816
148817
148819
148820
148821
148822
148823
148824
148826
148827
148828
148829
148830
148831
148832
148833
148834
148835
148837
148838
148841
148842
148843
148844
148845
148846
148847
148848
148849
148850
148851
148852
148853
148855
148856
148857
148858
148859
148860
148861
148862
148863
148864
148865
148866
148867
148868
148870
148871
148872
148873
148875
148876
148877
148878
148879
148880
148881
148882
148883
148884
148885
148886
148887
148888
148889
148890
148891
148892
148893
148894
148895
148896
148897
148898
148899
148901
148902
148903
148904
148905
148906
148907
148908
148910
148911
148912
148914
148915
148916
148917
148919
148920
148921
148922
148923
148924
148925
148926
148927
148928
148929
148930
148933
148934
148936
148937
148938
148939
148940
148941
148942
148943
148944
148945
148946
148947
148948
148949
148950
148951
148952
148953
148954
148955
148956
148957
148958
148959
148960
148961
148962
148963
148964
148966
148967
148968
148969
148971
148972
148973
148974
148975
148976
148977
148978
148979
148980
148982
148983
148984
148985
148986
148987
148988
148990
148991
148992
148993
148994
148995
148996
148997
148998
148999
149001
149002
149003
149004
149005
149007
149008
149009
149010
149011
149013
149014
149015
149016
149017
149018
149019
149020
149021
149022
149023
149024
149025
149026
149027
149029
149030
149031
149032
149033
149035
149036
149037
149038
149039
149040
149041
149042
149043
149045
149046
149047
149048
149050
149051
149054
149055
149056
149057
149058
149059
149060
149062
149063
149064
149065
149066
149067
149068
149069
149070
149071
149072
149073
149074
149075
149076
149077
149078
149079
149080
149081
149082
149083
149084
149085
149086
149087
149088
149089
149090
149091
149092
149094
149095
149097
149098
149099
149100
149102
149103
149104
149105
149106
149107
149108
149109
149110
149111
149112
149113
149115
149116
149117
149118
149119
149120
149121
149122
149123
149124
149125
149126
149127
149128
149129
149130
149131
149132
149133
149134
149135
149136
149137
149138
149139
149140
149141
149142
149143
149144
149145
149146
149148
149149
149150
149151
149152
149154
149155
149156
149157
149158
149159
149161
149162
149163
149164
149166
149168
149169
149170
149173
149174
149176
149177
149178
149179
149180
149183
149184
149185
149186
149187
149188
149189
149193
149194
149195
149196
149197
149198
149201
149202
149203
149204
149205
149206
149207
149208
149210
149213
149216
149217
149219
149220
149221
149222
149223
149224
149225
149227
149228
149229
149230
149233
149235
149236
149237
149238
149239
149240
149241
149242
149243
149244
149246
149248
149249
149250
149251
149252
149254
149255
149257
149258
149263
149264
149266
149267
149269
149272
149273
149275
149276
149278
149279
149281
149282
149283
149284
149285
149287
149288
149289
149290
149291
149294
149296
149297
149300
149301
149302
149305
149306
149309
149312
149314
149315
149316
149317
149318
149319
149320
149322
149324
149325
149326
149327
149329
149330
149331
149332
149335
149339
149340
149341
149342
149346
149348
149349
149350
149351
149352
149353
149355
149357
149360
149361
149363
149364
149365
149366
149367
149372
149375
149376
149378
149381
149382
149383
149384
149385
149386
149387
149391
149392
149393
149395
149396
149397
149399
149400
149402
149403
149404
149405
149406
149409
149410
149411
149412
149413
149414
149418
149420
149421
149423
149424
149425
149426
149428
149429
149431
149434
149435
149436
149437
149438
149440
149442
149443
149445
149448
149449
149451
149452
149453
149454
149456
149457
149460
149461
149463
149464
149465
149469
149471
149472
149473
149474
149475
149476
149478
149479
149480
149481
149482
149483
149484
149485
149486
149488
149489
149491
149494
149495
149497
149498
149499
149502
149503
149504
149505
149506
149507
149508
149509
149510
149511
149512
149514
149515
149516
149517
149518
149519
149520
149522
149523
149524
149525
149527
149528
149529
149530
149532
149533
149534
149535
149536
149537
149539
149540
149541
149543
149544
149545
149546
149547
149548
149549
149550
149551
149552
149553
149555
149556
149557
149558
149559
149560
149561
149563
149564
149565
149566
149567
149568
149569
149570
149571
149572
149575
149576
149577
149578
149579
149581
149582
149583
149584
149586
149587
149588
149589
149590
149591
149592
149593
149594
149595
149596
149597
149598
149599
149600
149602
149604
149605
149606
149607
149608
149609
149610
149611
149612
149613
149614
149615
149616
149617
149618
149619
149620
149621
149622
149623
149624
149625
149626
149627
149628
149629
149630
149631
149632
149633
149635
149636
149637
149638
149639
149640
149642
149644
149645
149647
149648
149649
149650
149651
149652
149653
149654
149655
149656
149657
149658
149659
149660
149661
149662
149663
149664
149665
149666
149667
149668
149669
149670
149671
149672
149673
149675
149676
149677
149678
149679
149681
149682
149683
149684
149685
149686
149687
149688
149689
149690
149691
149692
149693
149695
149697
149699
149700
149702
149703
149705
149706
149707
149708
149710
149711
149712
149713
149714
149716
149717
149718
149720
149721
149722
149723
149724
149725
149727
149728
149729
149730
149731
149732
149733
149734
149735
149736
149738
149739
149740
149741
149742
149743
149744
149745
149746
149747
149748
149749
149750
149751
149752
149753
149754
149755
149756
149757
149758
149759
149760
149761
149762
149763
149764
149765
149767
149768
149769
149770
149772
149773
149774
149775
149776
149777
149778
149779
149780
149782
149783
149784
149785
149786
149787
149789
149790
149791
149793
149794
149796
149798
149799
149800
149801
149802
149804
149805
149807
149808
149809
149811
149812
149813
149814
149815
149816
149817
149818
149819
149820
149823
149824
149825
149826
149827
149829
149830
149831
149832
149833
149834
149835
149836
149837
149838
149839
149840
149841
149842
149843
149844
149845
149846
149847
149848
149849
149850
149852
149853
149854
149856
149858
149859
149860
149864
149865
149866
149867
149868
149869
149871
149872
149875
149876
149877
149878
149880
149881
149882
149883
149884
149885
149886
149887
149889
149890
149891
149892
149893
149894
149895
149896
149897
149898
149899
149900
149901
149902
149903
149905
149906
149907
149908
149909
149910
149911
149912
149913
149914
149915
149916
149918
149919
149921
149922
149923
149924
149925
149927
149929
149930
149931
149932
149933
149934
149935
149937
149938
149939
149941
149942
149943
149944
149946
149947
149948
149949
149950
149951
149952
149953
149954
149955
149956
149957
149958
149959
149960
149961
149962
149963
149964
149965
149966
149967
149968
149969
149970
149971
149973
149974
149975
149976
149978
149979
149980
149983
149984
149985
149986
149987
149988
149989
149990
149991
149992
149993
149994
149995
149996
149997
149998
149999
150000
150001
150002
150003
150004
150005
150006
150007
150009
150011
150012
150013
150014
150015
150016
150017
150018
150019
150021
150022
150023
150024
150025
150026
150027
150028
150029
150031
150032
150033
150034
150035
150036
150037
150038
150039
150040
150041
150042
150043
150044
150045
150046
150047
150048
150050
150051
150052
150053
150054
150055
150056
150057
150058
150059
150060
150063
150064
150065
150066
150067
150068
150069
150070
150071
150072
150074
150075
150077
150078
150079
150080
150081
150082
150083
150084
150085
150086
150087
150088
150089
150090
150091
150092
150093
150094
150095
150097
150098
150099
150100
150101
150102
150103
150104
150105
150107
150108
150109
150110
150111
150112
150113
150115
150116
150117
150118
150119
150120
150121
150122
150123
150124
150125
150127
150128
150129
150130
150131
150132
150133
150134
150135
150136
150138
150139
150140
150141
150142
150143
150144
150145
150146
150147
150148
150149
150150
150151
150152
150153
150154
150155
150156
150158
150159
150160
150161
150164
150165
150166
150167
150170
150171
150172
150173
150174
150175
150176
150177
150178
150179
150180
150181
150182
150184
150185
150186
150187
150188
150189
150191
150192
150193
150194
150195
150196
150198
150199
150200
150201
150202
150203
150204
150205
150206
150207
150208
150209
150210
150211
150212
150213
150214
150215
150216
150217
150218
150219
150222
150224
150225
150226
150227
150228
150229
150231
150232
150233
150234
150235
150237
150238
150241
150242
150243
150244
150245
150246
150249
150250
150251
150252
150253
150254
150256
150257
150258
150259
150260
150261
150262
150263
150264
150265
150266
150267
150271
150273
150274
150275
150276
150278
150279
150280
150281
150282
150283
150284
150285
150286
150287
150288
150289
150290
150291
150292
150295
150296
150297
150298
150299
150300
150301
150302
150303
150305
150306
150307
150308
150309
150310
150311
150312
150313
150314
150315
150316
150317
150318
150319
150320
150321
150322
150323
150324
150325
150326
150327
150328
150329
150330
150331
150332
150333
150334
150335
150336
150337
150338
150339
150341
150344
150345
150347
150348
150349
150350
150352
150353
150355
150357
150358
150359
150361
150362
150363
150364
150365
150366
150367
150368
150369
150370
150371
150372
150373
150374
150375
150377
150378
150379
150380
150381
150382
150383
150384
150385
150386
150387
150388
150390
150391
150393
150394
150396
150397
150398
150399
150400
150401
150402
150403
150404
150405
150406
150408
150409
150410
150411
150412
150414
150415
150416
150417
150419
150420
150421
150422
150423
150425
150426
150427
150428
150429
150430
150431
150432
150433
150434
150435
150436
150438
150439
150440
150441
150442
150443
150444
150446
150447
150448
150449
150450
150451
150453
150454
150455
150456
150458
150459
150460
150462
150463
150464
150465
150466
150467
150468
150469
150470
150471
150472
150473
150474
150475
150476
150477
150478
150479
150480
150481
150482
150483
150484
150485
150486
150487
150488
150489
150490
150492
150493
150494
150496
150498
150499
150500
150501
150502
150503
150504
150505
150506
150507
150508
150510
150512
150513
150514
150515
150516
150518
150519
150520
150521
150522
150524
150525
150526
150527
150528
150529
150530
150531
150532
150533
150534
150535
150536
150537
150538
150540
150542
150543
150545
150546
150548
150550
150551
150552
150553
150554
150555
150556
150557
150558
150559
150561
150562
150564
150565
150566
150567
150569
150570
150571
150572
150573
150574
150575
150576
150577
150578
150579
150580
150581
150582
150583
150584
150585
150586
150587
150588
150589
150590
150591
150592
150593
150594
150595
150596
150597
150598
150599
150600
150601
150602
150603
150604
150605
150606
150607
150608
150609
150610
150611
150613
150614
150615
150616
150617
150618
150619
150620
150621
150622
150623
150624
150625
150626
150627
150628
150629
150630
150634
150635
150637
150638
150639
150640
150642
150643
150644
150645
150646
150647
150648
150649
150650
150651
150652
150653
150654
150655
150657
150658
150659
150660
150662
150663
150664
150665
150666
150668
150669
150670
150671
150672
150673
150674
150675
150677
150678
150679
150680
150683
150684
150685
150686
150687
150688
150689
150690
150691
150692
150694
150695
150696
150697
150699
150700
150701
150702
150703
150704
150705
150706
150707
150708
150709
150710
150712
150713
150714
150715
150716
150717
150718
150719
150720
150723
150724
150725
150726
150727
150728
150729
150731
150732
150733
150734
150735
150736
150737
150738
150740
150742
150743
150745
150746
150747
150748
150749
150750
150751
150753
150754
150755
150758
150760
150761
150763
150764
150765
150766
150768
150770
150771
150772
150773
150774
150775
150777
150778
150779
150780
150781
150782
150783
150784
150786
150787
150791
150792
150793
150794
150795
150796
150798
150799
150800
150801
150802
150803
150804
150806
150807
150809
150810
150811
150813
150814
150815
150816
150817
150818
150819
150820
150821
150822
150823
150824
150825
150826
150827
150828
150829
150830
150831
150832
150833
150834
150835
150836
150837
150839
150840
150841
150842
150843
150844
150845
150846
150847
150848
150849
150850
150851
150852
150854
150856
150857
150859
150861
150862
150863
150864
150865
150866
150869
150870
150871
150872
150873
150874
150875
150876
150877
150878
150879
150881
150882
150884
150886
150887
150888
150889
150890
150891
150892
150893
150894
150896
150897
150900
150901
150902
150903
150904
150905
150906
150907
150909
150911
150912
150913
150915
150916
150917
150918
150919
150920
150921
150922
150923
150924
150925
150926
150927
150929
150930
150932
150933
150934
150935
150936
150937
150938
150939
150940
150941
150942
150944
150945
150946
150947
150948
150949
150950
150951
150953
150954
150955
150956
150959
150960
150961
150962
150963
150964
150966
150967
150968
150969
150970
150971
150972
150973
150974
150975
150976
150977
150978
150981
150982
150983
150985
150986
150988
150990
150991
150992
150993
150995
150996
150997
150998
151000
151001
151002
151003
151004
151006
151007
151008
151009
151011
151012
151013
151014
151015
151016
151017
151018
151019
151021
151022
151023
151024
151025
151026
151027
151028
151029
151030
151031
151032
151034
151035
151036
151039
151040
151041
151042
151044
151045
151046
151047
151048
151049
151050
151051
151052
151053
151055
151056
151057
151058
151059
151060
151061
151062
151063
151064
151065
151066
151068
151070
151071
151074
151075
151076
151078
151079
151083
151085
151086
151087
151088
151089
151090
151091
151092
151093
151095
151096
151097
151099
151100
151101
151102
151103
151105
151106
151107
151108
151109
151111
151112
151113
151115
151117
151118
151119
151120
151121
151122
151123
151124
151125
151126
151127
151129
151130
151131
151133
151134
151135
151137
151138
151139
151140
151142
151143
151144
151145
151146
151148
151149
151150
151151
151152
151153
151154
151156
151157
151159
151161
151162
151163
151164
151165
151166
151167
151168
151169
151170
151171
151172
151173
151175
151178
151179
151180
151181
151182
151183
151184
151185
151186
151187
151189
151190
151191
151192
151193
151194
151195
151196
151197
151198
151199
151200
151201
151202
151203
151204
151205
151207
151208
151209
151210
151211
151212
151213
151214
151215
151216
151217
151218
151219
151220
151221
151222
151223
151224
151225
151226
151227
151228
151229
151230
151232
151233
151235
151237
151239
151240
151241
151242
151244
151245
151246
151247
151248
151249
151250
151251
151252
151253
151255
151256
151257
151258
151259
151260
151261
151262
151263
151264
151265
151266
151267
151268
151269
151270
151271
151272
151274
151275
151276
151277
151278
151279
151280
151281
151282
151283
151284
151285
151286
151287
151288
151289
151290
151291
151292
151293
151294
151295
151296
151298
151299
151300
151301
151302
151303
151305
151307
151308
151309
151310
151312
151314
151315
151317
151318
151319
151321
151322
151323
151324
151325
151326
151327
151328
151329
151330
151331
151332
151333
151334
151335
151336
151337
151338
151339
151340
151343
151344
151345
151346
151348
151349
151350
151351
151352
151353
151354
151355
151356
151357
151358
151359
151360
151361
151362
151364
151365
151367
151368
151369
151370
151371
151372
151373
151374
151375
151376
151377
151378
151379
151380
151381
151382
151384
151385
151386
151387
151388
151389
151390
151392
151394
151395
151397
151398
151400
151401
151402
151403
151404
151405
151406
151407
151408
151409
151410
151412
151413
151414
151415
151416
151418
151419
151420
151421
151422
151423
151424
151425
151426
151427
151428
151429
151430
151431
151432
151433
151434
151435
151437
151438
151439
151440
151441
151443
151444
151445
151446
151447
151448
151450
151451
151452
151453
151454
151455
151456
151457
151458
151459
151460
151461
151462
151463
151464
151466
151467
151468
151469
151471
151472
151473
151474
151475
151476
151477
151478
151479
151480
151481
151482
151483
151485
151486
151487
151489
151492
151493
151494
151495
151496
151497
151499
151500
151501
151502
151503
151504
151507
151508
151510
151512
151513
151514
151515
151516
151517
151518
151519
151520
151521
151522
151523
151525
151527
151528
151529
151531
151532
151533
151534
151535
151537
151538
151539
151540
151541
151542
151545
151546
151547
151549
151550
151551
151552
151553
151554
151556
151558
151559
151560
151562
151564
151565
151566
151567
151568
151570
151571
151572
151573
151574
151575
151576
151577
151579
151580
151582
151583
151585
151586
151587
151588
151589
151590
151591
151592
151593
151594
151595
151596
151597
151598
151599
151600
151601
151602
151604
151606
151607
151608
151609
151610
151611
151612
151613
151614
151615
151616
151617
151618
151620
151621
151622
151623
151624
151625
151626
151627
151629
151631
151632
151633
151634
151635
151636
151637
151638
151639
151641
151642
151643
151644
151645
151646
151647
151648
151649
151652
151654
151655
151657
151658
151659
151661
151662
151663
151664
151665
151666
151667
151668
151669
151670
151671
151672
151673
151674
151675
151676
151677
151678
151680
151682
151683
151684
151685
151687
151691
151692
151693
151694
151695
151696
151697
151698
151699
151700
151701
151702
151703
151704
151705
151706
151708
151709
151710
151711
151712
151713
151714
151715
151716
151718
151719
151720
151721
151722
151723
151724
151725
151726
151727
151728
151729
151730
151731
151732
151734
151735
151737
151738
151740
151741
151742
151743
151744
151745
151746
151747
151748
151749
151750
151752
151753
151754
151755
151756
151757
151760
151761
151762
151763
151764
151765
151766
151767
151768
151769
151770
151771
151772
151773
151774
151775
151776
151777
151778
151779
151780
151781
151782
151783
151784
151785
151786
151787
151788
151789
151790
151791
151792
151793
151794
151795
151796
151798
151799
151800
151801
151802
151806
151808
151809
151810
151811
151813
151814
151815
151816
151817
151818
151819
151821
151822
151823
151824
151826
151827
151828
151829
151832
151833
151834
151836
151837
151838
151839
151840
151841
151842
151843
151844
151845
151846
151848
151849
151850
151851
151852
151853
151854
151855
151856
151857
151858
151860
151861
151862
151863
151864
151866
151867
151869
151870
151871
151872
151873
151874
151875
151876
151877
151878
151879
151880
151881
151882
151883
151884
151885
151886
151887
151888
151889
151890
151891
151892
151893
151894
151895
151896
151897
151898
151899
151903
151904
151905
151906
151907
151908
151909
151910
151911
151913
151914
151916
151917
151918
151919
151920
151921
151922
151923
151924
151926
151927
151928
151929
151930
151931
151932
151933
151934
151935
151936
151937
151938
151939
151940
151941
151942
151944
151945
151947
151948
151949
151950
151951
151952
151953
151954
151955
151956
151957
151958
151959
151960
151961
151963
151964
151966
151967
151968
151970
151971
151972
151973
151974
151975
151976
151977
151978
151979
151980
151981
151982
151983
151984
151985
151986
151987
151988
151989
151990
151991
151992
151993
151995
151996
151997
151998
151999
152000
152001
152002
152003
152005
152006
152008
152009
152010
152011
152013
152015
152017
152018
152020
152021
152022
152023
152024
152026
152027
152028
152029
152030
152031
152032
152033
152034
152035
152037
152038
152039
152040
152041
152042
152043
152044
152045
152046
152047
152048
152049
152050
152051
152052
152053
152054
152055
152056
152057
152058
152059
152060
152061
152062
152063
152064
152065
152069
152071
152072
152073
152074
152075
152076
152078
152079
152080
152081
152082
152083
152084
152087
152088
152089
152090
152095
152096
152097
152098
152099
152100
152102
152103
152105
152106
152107
152108
152109
152111
152112
152113
152114
152116
152117
152118
152119
152120
152121
152122
152123
152124
152125
152126
152127
152128
152129
152130
152131
152132
152133
152134
152135
152136
152137
152138
152139
152140
152141
152143
152144
152145
152146
152147
152148
152149
152150
152151
152152
152153
152154
152155
152156
152158
152159
152160
152161
152162
152163
152165
152166
152167
152168
152169
152170
152174
152175
152177
152178
152179
152180
152181
152182
152183
152184
152185
152186
152187
152188
152189
152190
152192
152193
152195
152196
152197
152198
152199
152200
152201
152202
152203
152204
152206
152207
152208
152210
152211
152212
152213
152214
152215
152216
152217
152218
152219
152221
152222
152223
152224
152225
152226
152227
152228
152229
152231
152232
152233
152234
152235
152236
152237
152238
152239
152240
152241
152243
152244
152245
152247
152248
152250
152251
152252
152253
152254
152257
152258
152259
152260
152261
152262
152263
152264
152265
152266
152269
152271
152272
152273
152274
152275
152276
152277
152278
152279
152280
152281
152283
152284
152285
152287
152288
152289
152290
152291
152293
152294
152295
152296
152298
152300
152301
152302
152303
152304
152305
152306
152307
152308
152309
152310
152311
152313
152314
152315
152316
152318
152319
152320
152321
152322
152323
152324
152325
152326
152327
152328
152329
152330
152331
152332
152333
152334
152335
152336
152337
152338
152339
152340
152342
152343
152344
152345
152346
152347
152348
152349
152350
152351
152352
152353
152354
152355
152356
152357
152358
152359
152360
152361
152362
152364
152366
152368
152369
152370
152371
152372
152373
152374
152376
152377
152378
152379
152380
152381
152382
152383
152384
152385
152386
152387
152389
152390
152391
152392
152393
152396
152397
152398
152399
152400
152401
152402
152403
152404
152405
152406
152407
152408
152409
152410
152411
152412
152413
152414
152415
152416
152417
152418
152420
152421
152422
152423
152424
152425
152426
152427
152428
152429
152430
152431
152432
152433
152434
152435
152436
152437
152438
152439
152440
152441
152442
152443
152445
152446
152447
152448
152449
152450
152451
152452
152453
152454
152455
152456
152457
152458
152459
152460
152461
152462
152463
152464
152465
152466
152468
152469
152470
152471
152472
152473
152474
152475
152476
152477
152478
152479
152480
152481
152482
152483
152484
152485
152486
152487
152488
152489
152491
152492
152493
152494
152495
152496
152497
152498
152499
152500
152501
152502
152503
152504
152505
152506
152507
152508
152509
152510
152511
152512
152513
152514
152515
152517
152519
152520
152521
152522
152523
152524
152525
152526
152527
152528
152529
152530
152531
152532
152533
152534
152535
152536
152538
152539
152540
152541
152542
152543
152544
152545
152546
152547
152548
152549
152550
152551
152552
152553
152554
152556
152557
152558
152559
152560
152561
152562
152563
152564
152565
152566
152567
152568
152569
152570
152571
152572
152573
152574
152575
152576
152577
152578
152579
152580
152581
152582
152583
152584
152585
152586
152588
152590
152593
152594
152595
152596
152597
152598
152599
152600
152601
152602
152603
152604
152605
152606
152607
152608
152609
152611
152612
152614
152616
152617
152618
152619
152620
152621
152622
152623
152624
152625
152627
152628
152629
152631
152632
152633
152634
152635
152637
152638
152639
152642
152644
152645
152646
152647
152648
152649
152650
152651
152652
152653
152654
152655
152656
152657
152658
152659
152660
152661
152662
152663
152664
152665
152666
152667
152668
152670
152671
152672
152673
152674
152675
152676
152677
152678
152679
152681
152682
152683
152684
152686
152687
152688
152689
152691
152692
152693
152694
152695
152696
152698
152699
152701
152703
152704
152705
152706
152707
152709
152711
152712
152713
152714
152715
152716
152717
152718
152719
152720
152722
152723
152724
152725
152726
152727
152728
152729
152730
152731
152732
152733
152734
152735
152736
152737
152738
152739
152740
152741
152742
152743
152744
152745
152746
152747
152748
152749
152750
152751
152753
152754
152755
152757
152759
152760
152761
152762
152763
152764
152765
152766
152767
152768
152769
152770
152771
152772
152773
152775
152776
152778
152780
152781
152782
152783
152784
152785
152786
152788
152789
152790
152791
152792
152793
152794
152795
152796
152798
152799
152800
152801
152802
152803
152804
152805
152806
152808
152809
152810
152811
152812
152813
152814
152815
152816
152817
152819
152820
152821
152822
152823
152824
152825
152826
152827
152829
152830
152831
152832
152833
152834
152835
152836
152837
152838
152839
152840
152841
152842
152843
152844
152845
152846
152847
152848
152849
152851
152852
152853
152854
152855
152856
152858
152860
152861
152864
152865
152866
152867
152868
152869
152870
152871
152872
152873
152874
152875
152876
152877
152878
152879
152880
152881
152882
152883
152884
152886
152887
152888
152890
152891
152892
152893
152894
152895
152897
152898
152899
152900
152901
152903
152904
152905
152906
152907
152908
152909
152910
152911
152913
152915
152916
152917
152918
152919
152920
152921
152922
152923
152925
152926
152927
152928
152929
152930
152931
152932
152933
152934
152935
152937
152938
152939
152940
152941
152942
152943
152945
152947
152948
152949
152951
152952
152953
152954
152955
152956
152957
152960
152961
152962
152963
152964
152965
152966
152967
152969
152970
152971
152972
152973
152974
152975
152976
152977
152978
152979
152982
152983
152984
152986
152988
152989
152990
152991
152992
152993
152994
152995
152997
152998
153000
153001
153002
153003
153004
153005
153006
153007
153010
153012
153013
153014
153015
153016
153017
153018
153019
153020
153021
153022
153024
153025
153027
153028
153029
153031
153032
153033
153034
153035
153036
153037
153038
153039
153041
153042
153043
153044
153045
153046
153048
153049
153050
153051
153052
153053
153054
153055
153056
153057
153058
153060
153061
153062
153063
153064
153065
153066
153067
153068
153070
153071
153072
153073
153074
153075
153076
153077
153078
153079
153080
153081
153082
153083
153084
153085
153086
153088
153089
153090
153091
153092
153093
153094
153095
153096
153097
153099
153100
153101
153102
153103
153104
153105
153106
153107
153108
153109
153110
153111
153112
153113
153114
153115
153116
153117
153118
153119
153120
153121
153122
153123
153124
153126
153128
153129
153130
153131
153132
153133
153134
153135
153136
153137
153138
153139
153140
153141
153142
153143
153144
153145
153146
153147
153148
153149
153150
153151
153152
153153
153154
153155
153156
153157
153158
153159
153160
153161
153162
153163
153164
153165
153166
153167
153168
153169
153171
153173
153174
153176
153178
153180
153181
153182
153183
153184
153186
153187
153188
153189
153190
153191
153192
153193
153194
153195
153197
153198
153199
153200
153201
153202
153203
153204
153205
153206
153207
153209
153210
153211
153212
153215
153216
153217
153218
153219
153220
153221
153222
153223
153224
153225
153226
153227
153229
153230
153231
153232
153233
153234
153235
153236
153237
153239
153240
153241
153243
153245
153246
153247
153248
153249
153250
153251
153252
153253
153254
153255
153256
153257
153258
153260
153261
153262
153263
153264
153265
153266
153267
153268
153269
153270
153271
153272
153273
153277
153278
153280
153281
153282
153283
153284
153285
153286
153287
153288
153289
153290
153291
153292
153294
153295
153296
153297
153298
153299
153300
153303
153304
153305
153306
153307
153308
153310
153311
153312
153313
153314
153315
153316
153317
153318
153319
153321
153323
153324
153326
153327
153328
153329
153330
153331
153332
153333
153335
153337
153338
153339
153340
153341
153342
153343
153344
153346
153347
153349
153350
153351
153352
153353
153354
153355
153356
153357
153358
153359
153361
153362
153364
153365
153366
153367
153368
153370
153371
153372
153373
153375
153376
153377
153378
153380
153381
153382
153383
153384
153385
153386
153388
153389
153390
153391
153392
153393
153394
153395
153396
153397
153398
153399
153401
153402
153404
153405
153406
153407
153408
153409
153410
153411
153413
153414
153415
153416
153418
153419
153420
153421
153422
153423
153425
153426
153427
153428
153429
153430
153431
153432
153433
153434
153435
153436
153437
153439
153440
153441
153442
153443
153444
153445
153446
153447
153448
153449
153450
153451
153453
153455
153456
153457
153458
153459
153460
153461
153462
153463
153465
153466
153467
153468
153469
153470
153471
153472
153473
153474
153475
153476
153477
153478
153479
153480
153483
153484
153485
153486
153487
153490
153493
153497
153498
153499
153500
153502
153504
153505
153506
153507
153508
153509
153510
153511
153513
153514
153515
153516
153517
153518
153519
153520
153521
153522
153523
153524
153525
153526
153527
153528
153529
153530
153532
153533
153534
153535
153537
153538
153539
153540
153541
153542
153543
153545
153546
153547
153548
153549
153550
153551
153552
153553
153554
153555
153556
153557
153558
153559
153560
153561
153562
153564
153565
153566
153569
153570
153571
153572
153573
153574
153575
153576
153578
153579
153580
153582
153583
153584
153586
153587
153588
153589
153591
153592
153593
153594
153595
153596
153597
153598
153599
153600
153601
153602
153604
153605
153606
153607
153608
153609
153610
153611
153612
153613
153614
153615
153616
153618
153619
153620
153621
153623
153624
153625
153626
153627
153628
153629
153630
153631
153632
153633
153634
153635
153636
153637
153638
153639
153640
153641
153642
153643
153644
153645
153646
153647
153649
153650
153651
153652
153653
153654
153655
153656
153658
153659
153660
153661
153662
153663
153664
153665
153666
153667
153668
153669
153670
153671
153672
153673
153674
153675
153676
153677
153678
153679
153680
153682
153683
153684
153685
153686
153687
153688
153689
153690
153691
153692
153693
153694
153696
153697
153698
153699
153701
153702
153703
153704
153705
153706
153707
153710
153711
153712
153713
153714
153715
153716
153717
153718
153719
153720
153721
153722
153723
153724
153725
153726
153727
153728
153729
153730
153731
153732
153733
153734
153735
153736
153737
153738
153739
153740
153741
153742
153743
153744
153745
153746
153748
153749
153750
153751
153752
153753
153754
153755
153756
153757
153758
153759
153761
153762
153763
153764
153765
153766
153767
153768
153769
153770
153771
153772
153773
153777
153779
153780
153781
153782
153783
153784
153785
153786
153787
153788
153790
153791
153792
153793
153794
153796
153797
153798
153799
153800
153801
153802
153803
153804
153805
153807
153808
153809
153810
153813
153814
153815
153816
153817
153818
153819
153820
153821
153825
153826
153827
153828
153830
153832
153833
153834
153836
153837
153838
153840
153841
153842
153843
153844
153845
153846
153847
153848
153849
153850
153851
153852
153853
153854
153855
153856
153857
153858
153859
153860
153861
153862
153863
153864
153865
153866
153867
153869
153870
153871
153872
153874
153875
153876
153877
153878
153879
153880
153881
153882
153883
153884
153885
153886
153887
153888
153889
153890
153891
153893
153894
153895
153896
153897
153898
153899
153900
153901
153902
153903
153904
153906
153907
153908
153909
153910
153911
153912
153913
153914
153915
153916
153917
153918
153919
153920
153921
153922
153923
153924
153925
153926
153927
153928
153929
153930
153931
153932
153933
153934
153935
153936
153937
153938
153939
153940
153942
153944
153945
153946
153947
153948
153949
153950
153951
153952
153954
153955
153956
153957
153958
153959
153960
153961
153962
153963
153964
153965
153968
153969
153970
153971
153972
153973
153974
153975
153976
153977
153978
153979
153981
153982
153983
153984
153985
153986
153988
153989
153990
153991
153992
153993
153994
153995
153996
153997
153998
153999
154000
154001
154004
154006
154007
154008
154009
154010
154011
154012
154013
154014
154016
154017
154019
154020
154021
154022
154023
154024
154028
154029
154032
154033
154034
154035
154036
154037
154038
154039
154040
154042
154043
154044
154047
154048
154049
154050
154051
154053
154054
154055
154056
154057
154058
154059
154060
154061
154063
154064
154066
154067
154069
154070
154071
154072
154073
154074
154075
154076
154079
154080
154082
154083
154084
154085
154086
154087
154088
154089
154091
154092
154093
154094
154095
154096
154097
154098
154099
154101
154102
154103
154104
154105
154106
154107
154108
154109
154110
154111
154112
154113
154114
154115
154116
154117
154118
154119
154120
154121
154123
154124
154126
154127
154128
154129
154131
154132
154133
154135
154136
154140
154141
154143
154145
154146
154147
154148
154149
154150
154151
154152
154153
154154
154156
154158
154159
154160
154161
154162
154163
154164
154166
154167
154168
154169
154170
154171
154172
154174
154175
154176
154177
154178
154179
154180
154183
154185
154186
154187
154188
154190
154191
154192
154193
154194
154196
154198
154199
154201
154202
154203
154206
154207
154208
154209
154210
154211
154213
154214
154215
154216
154217
154218
154219
154221
154222
154223
154224
154226
154228
154231
154232
154233
154234
154236
154237
154239
154240
154241
154242
154243
154244
154245
154248
154251
154252
154256
154257
154259
154260
154263
154264
154265
154266
154267
154268
154269
154270
154271
154272
154274
154275
154276
154277
154278
154279
154280
154281
154282
154283
154285
154286
154287
154288
154289
154291
154294
154296
154297
154298
154299
154300
154301
154302
154304
154305
154306
154307
154308
154309
154310
154312
154313
154314
154316
154317
154318
154320
154322
154323
154326
154327
154328
154330
154331
154333
154334
154336
154338
154339
154340
154341
154342
154344
154346
154348
154350
154351
154354
154355
154356
154357
154358
154359
154360
154361
154363
154364
154365
154366
154368
154369
154370
154371
154373
154374
154375
154376
154378
154379
154381
154382
154383
154387
154388
154389
154390
154391
154392
154394
154395
154396
154397
154398
154399
154401
154402
154403
154404
154406
154407
154408
154409
154410
154411
154412
154413
154414
154415
154416
154418
154419
154421
154422
154424
154425
154426
154427
154428
154429
154430
154431
154432
154433
154434
154435
154436
154437
154438
154439
154440
154441
154443
154444
154446
154447
154448
154450
154451
154452
154453
154454
154455
154456
154458
154459
154460
154461
154462
154463
154464
154466
154467
154469
154470
154471
154475
154476
154477
154478
154479
154480
154482
154483
154484
154485
154486
154487
154488
154491
154492
154493
154494
154495
154496
154497
154498
154499
154500
154501
154502
154503
154504
154506
154507
154508
154510
154511
154513
154515
154516
154517
154518
154520
154521
154522
154523
154526
154527
154528
154529
154530
154532
154533
154534
154535
154536
154538
154540
154541
154542
154543
154544
154545
154546
154547
154548
154549
154550
154551
154552
154553
154555
154556
154557
154558
154559
154560
154561
154562
154563
154564
154565
154566
154567
154568
154569
154570
154571
154573
154574
154575
154576
154577
154578
154579
154580
154581
154582
154583
154584
154585
154586
154588
154589
154590
154591
154592
154593
154596
154597
154598
154599
154600
154601
154602
154603
154605
154606
154607
154608
154609
154610
154611
154612
154613
154614
154616
154617
154618
154619
154621
154622
154623
154624
154625
154626
154627
154628
154630
154631
154632
154633
154634
154636
154637
154638
154639
154640
154641
154642
154643
154644
154645
154646
154647
154649
154650
154651
154653
154655
154657
154658
154659
154660
154661
154663
154664
154666
154667
154668
154669
154670
154671
154672
154673
154675
154676
154677
154678
154679
154680
154681
154682
154683
154684
154685
154687
154688
154689
154690
154691
154694
154695
154696
154697
154698
154700
154701
154702
154703
154704
154705
154706
154707
154709
154710
154712
154713
154714
154715
154716
154718
154720
154721
154722
154723
154724
154725
154726
154727
154728
154729
154730
154731
154732
154733
154734
154735
154736
154737
154738
154739
154742
154743
154744
154745
154746
154747
154748
154749
154750
154751
154752
154753
154754
154755
154756
154759
154760
154761
154763
154764
154765
154766
154767
154768
154769
154770
154771
154774
154775
154776
154777
154779
154781
154782
154783
154784
154785
154786
154787
154788
154789
154790
154792
154793
154795
154796
154798
154799
154800
154801
154802
154803
154804
154806
154807
154808
154809
154810
154811
154812
154813
154814
154815
154818
154819
154820
154821
154822
154823
154824
154825
154826
154827
154828
154829
154830
154832
154833
154834
154835
154836
154837
154838
154839
154840
154841
154842
154843
154844
154845
154846
154847
154848
154849
154850
154851
154852
154854
154855
154856
154858
154859
154860
154861
154862
154863
154864
154865
154866
154867
154868
154869
154870
154871
154872
154873
154874
154875
154876
154877
154878
154879
154880
154881
154882
154883
154884
154885
154886
154887
154888
154889
154890
154891
154893
154894
154895
154896
154897
154898
154900
154901
154902
154903
154904
154905
154906
154907
154908
154909
154910
154912
154913
154914
154915
154916
154918
154920
154921
154922
154923
154924
154925
154927
154928
154929
154930
154932
154933
154934
154935
154936
154937
154938
154939
154940
154941
154943
154944
154945
154946
154947
154948
154949
154950
154951
154952
154953
154955
154956
154958
154959
154960
154962
154963
154964
154965
154966
154967
154968
154970
154971
154972
154974
154975
154976
154977
154978
154979
154980
154981
154982
154983
154984
154985
154986
154987
154988
154989
154991
154992
154993
154994
154995
154996
154997
154998
154999
155000
155001
155002
155003
155004
155005
155007
155008
155009
155010
155011
155012
155013
155014
155015
155016
155017
155018
155019
155021
155022
155023
155024
155025
155027
155028
155029
155030
155031
155032
155034
155035
155038
155039
155040
155041
155042
155043
155044
155045
155046
155047
155048
155049
155050
155052
155053
155054
155055
155056
155057
155058
155059
155060
155061
155062
155064
155065
155066
155069
155071
155074
155075
155076
155077
155078
155079
155080
155081
155082
155083
155084
155085
155086
155087
155088
155089
155090
155092
155094
155095
155096
155097
155098
155099
155100
155101
155102
155104
155105
155106
155107
155108
155110
155112
155113
155114
155115
155116
155117
155118
155119
155121
155122
155123
155125
155126
155127
155128
155130
155131
155132
155133
155134
155135
155136
155137
155140
155141
155142
155144
155145
155146
155147
155148
155149
155151
155152
155153
155155
155156
155157
155158
155159
155160
155161
155162
155163
155164
155165
155166
155167
155168
155169
155170
155171
155172
155173
155174
155176
155177
155178
155179
155181
155182
155183
155184
155186
155187
155188
155189
155190
155191
155193
155194
155195
155196
155197
155198
155199
155200
155201
155203
155204
155205
155206
155207
155208
155209
155210
155211
155212
155213
155214
155215
155216
155217
155218
155219
155220
155222
155223
155224
155225
155226
155227
155228
155229
155231
155232
155233
155234
155235
155236
155237
155238
155239
155240
155241
155243
155244
155245
155246
155247
155248
155250
155251
155252
155253
155254
155255
155256
155257
155259
155260
155261
155262
155263
155265
155266
155268
155269
155270
155271
155272
155273
155274
155275
155277
155278
155279
155280
155281
155282
155283
155286
155287
155288
155289
155290
155291
155292
155293
155294
155296
155297
155298
155299
155300
155301
155302
155303
155304
155305
155307
155308
155309
155310
155311
155312
155313
155314
155315
155316
155317
155318
155319
155320
155321
155322
155323
155324
155325
155326
155327
155328
155329
155330
155331
155332
155333
155334
155335
155336
155337
155338
155339
155340
155341
155342
155343
155344
155345
155346
155347
155348
155349
155350
155351
155352
155353
155354
155355
155356
155357
155359
155360
155361
155362
155363
155365
155366
155367
155368
155369
155372
155373
155374
155375
155376
155377
155378
155379
155380
155381
155382
155383
155385
155386
155387
155388
155389
155391
155392
155394
155395
155396
155397
155398
155399
155400
155401
155402
155403
155404
155405
155406
155407
155408
155409
155410
155411
155412
155414
155416
155417
155419
155420
155421
155422
155423
155424
155425
155426
155428
155429
155430
155431
155432
155433
155434
155435
155436
155437
155438
155439
155440
155441
155442
155443
155444
155445
155446
155447
155448
155449
155450
155451
155452
155453
155454
155456
155457
155458
155460
155461
155462
155464
155465
155466
155468
155469
155470
155472
155473
155474
155476
155477
155478
155480
155481
155482
155484
155485
155486
155488
155489
155490
155492
155493
155494
155496
155497
155498
155501
155502
155504
155505
155508
155509
155511
155512
155513
155515
155517
155519
155520
155521
155522
155524
155525
155526
155528
155529
155532
155533
155534
155536
155537
155538
155541
155542
155544
155545
155546
155549
155550
155552
155553
155554
155556
155557
155560
155561
155562
155563
155565
155566
155568
155569
155570
155573
155574
155576
155577
155578
155580
155581
155582
155584
155585
155586
155588
155589
155590
155592
155593
155595
155596
155597
155598
155600
155601
155602
155603
155604
155606
155607
155608
155609
155610
155611
155612
155614
155615
155616
155617
155618
155619
155620
155622
155624
155625
155626
155627
155628
155629
155630
155631
155633
155634
155635
155637
155638
155639
155640
155641
155642
155643
155644
155645
155647
155648
155649
155650
155651
155652
155653
155654
155655
155656
155657
155658
155659
155660
155661
155662
155663
155665
155666
155667
155669
155670
155671
155672
155674
155675
155676
155678
155679
155680
155682
155683
155684
155685
155686
155688
155689
155690
155692
155693
155694
155696
155697
155698
155699
155700
155701
155702
155703
155704
155705
155707
155708
155709
155710
155711
155714
155715
155716
155717
155718
155720
155721
155722
155723
155725
155726
155727
155728
155729
155730
155732
155733
155734
155735
155736
155737
155739
155741
155742
155743
155744
155745
155746
155747
155748
155749
155750
155751
155752
155753
155754
155755
155756
155758
155759
155760
155761
155762
155763
155765
155766
155767
155768
155769
155770
155771
155772
155773
155774
155775
155776
155777
155778
155779
155781
155782
155783
155785
155786
155787
155788
155789
155790
155791
155792
155793
155795
155796
155797
155798
155799
155800
155801
155802
155803
155804
155805
155806
155807
155808
155809
155810
155812
155813
155815
155816
155817
155818
155819
155821
155822
155823
155824
155826
155829
155830
155831
155832
155834
155835
155836
155837
155839
155841
155842
155843
155844
155845
155846
155847
155848
155850
155851
155852
155853
155855
155856
155857
155859
155860
155861
155862
155863
155864
155865
155866
155867
155868
155869
155870
155871
155872
155874
155876
155877
155879
155880
155881
155882
155883
155884
155885
155886
155888
155889
155890
155891
155892
155893
155894
155895
155896
155897
155898
155899
155900
155902
155903
155904
155906
155907
155908
155909
155910
155911
155912
155913
155914
155915
155916
155917
155918
155919
155920
155921
155922
155923
155924
155925
155926
155927
155928
155929
155930
155931
155932
155933
155934
155935
155936
155937
155938
155939
155940
155941
155942
155943
155944
155945
155946
155947
155948
155949
155950
155951
155952
155953
155954
155955
155956
155957
155958
155959
155960
155961
155962
155963
155964
155965
155966
155967
155968
155969
155970
155971
155972
155973
155974
155975
155976
155977
155978
155979
155980
155981
155982
155983
155984
155985
155986
155987
155989
155990
155991
155992
155993
155994
155996
155997
155998
155999
156000
156001
156002
156003
156004
156005
156006
156007
156008
156009
156010
156011
156012
156013
156014
156015
156016
156017
156018
156019
156020
156021
156022
156024
156026
156027
156028
156030
156031
156032
156033
156035
156036
156037
156038
156039
156040
156041
156042
156043
156044
156046
156047
156049
156050
156051
156052
156053
156054
156055
156056
156057
156059
156060
156061
156062
156063
156064
156065
156066
156067
156068
156069
156070
156071
156072
156073
156074
156075
156076
156077
156078
156079
156080
156081
156082
156083
156084
156086
156087
156089
156090
156091
156092
156093
156094
156095
156096
156097
156098
156099
156100
156101
156102
156103
156104
156105
156106
156107
156108
156109
156110
156111
156112
156113
156114
156115
156116
156117
156118
156119
156120
156121
156122
156123
156124
156125
156126
156127
156129
156130
156131
156132
156133
156134
156135
156136
156137
156138
156139
156140
156141
156142
156143
156145
156146
156147
156149
156150
156151
156152
156154
156155
156156
156157
156158
156159
156160
156161
156162
156163
156164
156165
156166
156167
156168
156169
156170
156172
156173
156174
156175
156176
156177
156178
156179
156180
156184
156185
156186
156187
156189
156190
156191
156193
156194
156195
156196
156197
156198
156199
156201
156202
156203
156205
156206
156207
156209
156210
156212
156215
156216
156217
156218
156220
156221
156222
156223
156224
156225
156226
156227
156228
156229
156231
156232
156233
156234
156235
156236
156237
156239
156240
156241
156242
156243
156244
156245
156246
156247
156248
156249
156251
156252
156253
156254
156255
156256
156257
156258
156259
156260
156261
156262
156263
156264
156265
156266
156268
156269
156270
156271
156272
156273
156274
156275
156276
156277
156278
156279
156281
156282
156283
156284
156285
156286
156287
156288
156289
156291
156292
156293
156294
156295
156296
156297
156298
156299
156300
156301
156302
156303
156304
156305
156306
156307
156308
156309
156310
156311
156312
156313
156314
156315
156316
156318
156319
156320
156322
156323
156324
156325
156326
156327
156328
156329
156330
156331
156332
156334
156335
156336
156337
156338
156339
156340
156341
156342
156343
156344
156345
156347
156348
156350
156351
156352
156353
156355
156356
156357
156358
156359
156360
156361
156363
156364
156365
156366
156367
156368
156369
156370
156371
156372
156373
156374
156376
156377
156378
156379
156380
156381
156382
156383
156384
156385
156386
156387
156388
156389
156390
156391
156392
156393
156394
156395
156396
156397
156398
156399
156400
156401
156402
156404
156405
156406
156407
156408
156409
156410
156411
156412
156413
156414
156415
156416
156417
156418
156419
156420
156421
156423
156424
156425
156426
156427
156428
156430
156431
156432
156433
156434
156435
156436
156437
156438
156439
156441
156443
156444
156445
156446
156447
156448
156449
156450
156451
156452
156453
156454
156455
156456
156457
156458
156460
156462
156463
156464
156465
156466
156468
156470
156471
156472
156474
156475
156477
156478
156479
156480
156481
156482
156483
156484
156485
156486
156487
156488
156489
156490
156491
156492
156493
156494
156495
156496
156497
156498
156499
156500
156501
156502
156503
156504
156506
156507
156508
156509
156510
156511
156512
156513
156515
156516
156517
156518
156519
156520
156522
156523
156524
156526
156528
156529
156530
156531
156532
156533
156534
156535
156536
156537
156539
156540
156541
156542
156543
156544
156545
156546
156547
156549
156550
156551
156552
156553
156554
156555
156556
156557
156558
156560
156561
156562
156563
156564
156565
156566
156567
156568
156569
156570
156573
156574
156576
156577
156578
156579
156580
156581
156582
156584
156585
156586
156587
156588
156590
156591
156593
156594
156597
156598
156599
156600
156601
156602
156604
156605
156606
156607
156608
156610
156611
156612
156613
156614
156615
156616
156617
156618
156620
156621
156622
156623
156625
156626
156627
156628
156629
156631
156632
156633
156634
156635
156636
156638
156639
156641
156642
156643
156644
156645
156646
156648
156649
156650
156651
156652
156653
156654
156655
156656
156657
156658
156659
156660
156661
156662
156663
156664
156665
156666
156667
156668
156669
156670
156671
156672
156673
156674
156675
156676
156677
156678
156679
156680
156681
156682
156683
156684
156685
156686
156687
156688
156689
156690
156692
156693
156694
156696
156697
156700
156701
156702
156703
156704
156705
156706
156707
156710
156711
156712
156713
156714
156715
156716
156717
156718
156719
156720
156721
156722
156723
156724
156725
156726
156728
156729
156730
156731
156732
156733
156734
156736
156737
156738
156739
156744
156745
156746
156747
156748
156749
156750
156752
156753
156754
156755
156756
156757
156759
156760
156761
156762
156763
156764
156765
156767
156768
156769
156770
156771
156772
156773
156775
156776
156778
156779
156780
156781
156784
156785
156786
156788
156789
156792
156793
156794
156795
156796
156797
156800
156801
156802
156803
156805
156807
156808
156809
156810
156811
156813
156816
156817
156818
156819
156820
156823
156825
156826
156828
156829
156831
156833
156834
156835
156836
156837
156840
156841
156842
156843
156844
156845
156846
156847
156848
156849
156850
156851
156852
156853
156854
156855
156856
156859
156860
156861
156862
156863
156864
156865
156866
156868
156869
156870
156871
156872
156873
156874
156875
156876
156878
156879
156880
156881
156882
156883
156884
156886
156887
156888
156889
156890
156891
156892
156893
156894
156895
156896
156897
156898
156899
156901
156902
156903
156904
156907
156908
156909
156910
156911
156912
156914
156915
156916
156917
156918
156919
156920
156921
156923
156924
156925
156926
156927
156928
156929
156930
156931
156932
156933
156935
156936
156937
156938
156939
156940
156942
156943
156944
156946
156948
156949
156950
156951
156952
156955
156956
156957
156958
156959
156960
156961
156962
156963
156964
156965
156966
156968
156969
156970
156971
156972
156974
156975
156976
156977
156978
156979
156980
156982
156983
156984
156985
156986
156987
156988
156990
156991
156992
156993
156994
156995
156996
156997
156999
157000
157001
157002
157003
157004
157005
157006
157007
157008
157009
157010
157011
157012
157013
157014
157015
157016
157017
157018
157019
157020
157022
157023
157024
157025
157026
157027
157028
157030
157031
157032
157033
157034
157035
157036
157038
157039
157040
157041
157042
157043
157044
157045
157046
157047
157048
157049
157050
157051
157052
157053
157054
157055
157057
157058
157059
157060
157061
157062
157063
157064
157065
157066
157069
157070
157072
157073
157074
157075
157076
157077
157078
157079
157080
157081
157082
157083
157084
157086
157087
157088
157089
157090
157091
157092
157093
157094
157095
157096
157097
157098
157099
157100
157101
157102
157103
157104
157105
157106
157108
157109
157110
157111
157112
157113
157114
157115
157116
157117
157118
157119
157121
157122
157123
157125
157126
157127
157128
157130
157131
157132
157133
157134
157135
157137
157138
157139
157140
157141
157142
157143
157145
157146
157147
157148
157149
157150
157151
157152
157153
157154
157155
157156
157157
157159
157160
157161
157162
157163
157164
157165
157166
157167
157168
157170
157171
157173
157174
157175
157176
157178
157179
157180
157182
157183
157184
157185
157186
157187
157188
157189
157190
157192
157193
157194
157195
157196
157198
157199
157200
157201
157202
157204
157205
157206
157208
157209
157211
157212
157213
157214
157215
157216
157218
157219
157220
157221
157222
157223
157224
157225
157226
157227
157228
157229
157230
157231
157232
157233
157234
157235
157236
157237
157238
157239
157240
157241
157242
157243
157244
157245
157246
157247
157248
157249
157250
157251
157252
157253
157254
157255
157256
157257
157258
157259
157261
157262
157263
157264
157265
157266
157269
157270
157271
157272
157273
157274
157275
157277
157279
157280
157281
157282
157283
157285
157286
157287
157288
157289
157290
157291
157292
157293
157294
157295
157297
157298
157299
157300
157301
157302
157303
157304
157306
157307
157308
157309
157310
157311
157312
157313
157314
157315
157316
157317
157318
157319
157320
157321
157322
157323
157324
157325
157326
157327
157328
157329
157330
157331
157332
157333
157335
157336
157337
157338
157339
157340
157341
157342
157343
157344
157345
157348
157349
157350
157351
157352
157354
157356
157357
157358
157359
157360
157361
157362
157364
157365
157366
157367
157368
157369
157370
157371
157372
157374
157375
157376
157377
157378
157379
157380
157381
157382
157384
157385
157386
157387
157389
157390
157391
157393
157394
157395
157396
157398
157399
157400
157401
157403
157404
157405
157406
157407
157408
157409
157411
157412
157413
157414
157415
157416
157417
157418
157419
157420
157421
157422
157423
157424
157425
157427
157428
157429
157430
157431
157432
157433
157434
157435
157436
157437
157438
157439
157441
157443
157444
157445
157446
157447
157448
157449
157451
157452
157453
157454
157455
157456
157457
157458
157459
157460
157461
157462
157463
157464
157465
157466
157467
157468
157469
157470
157471
157472
157476
157477
157478
157479
157480
157481
157482
157483
157485
157486
157487
157488
157489
157490
157491
157492
157494
157495
157496
157497
157498
157499
157500
157501
157502
157503
157504
157505
157506
157507
157508
157511
157512
157513
157514
157515
157516
157517
157518
157519
157520
157521
157522
157524
157525
157526
157527
157528
157529
157530
157531
157532
157533
157534
157535
157536
157537
157538
157539
157540
157541
157543
157544
157546
157547
157549
157550
157551
157552
157553
157554
157555
157556
157557
157558
157559
157560
157562
157563
157564
157565
157566
157567
157568
157569
157570
157571
157572
157573
157574
157575
157577
157578
157579
157580
157581
157582
157583
157584
157585
157586
157587
157588
157589
157590
157591
157592
157593
157594
157595
157596
157597
157598
157600
157601
157602
157603
157604
157605
157606
157607
157608
157609
157610
157612
157613
157614
157615
157616
157617
157618
157619
157620
157621
157622
157623
157624
157625
157626
157627
157628
157629
157630
157631
157632
157634
157635
157636
157637
157638
157639
157640
157641
157642
157643
157644
157647
157648
157649
157650
157651
157652
157654
157655
157657
157658
157659
157661
157662
157663
157664
157666
157667
157668
157669
157670
157671
157672
157673
157674
157675
157676
157677
157678
157679
157680
157681
157682
157683
157684
157686
157687
157689
157690
157691
157692
157693
157694
157695
157697
157698
157699
157700
157701
157702
157703
157705
157706
157707
157708
157709
157710
157711
157712
157713
157714
157715
157716
157717
157718
157721
157722
157723
157724
157725
157726
157727
157729
157730
157731
157732
157733
157736
157737
157738
157739
157740
157741
157742
157743
157744
157745
157746
157747
157749
157750
157751
157752
157753
157754
157755
157756
157757
157758
157759
157760
157761
157762
157763
157764
157765
157766
157768
157769
157770
157771
157772
157773
157774
157775
157776
157777
157778
157779
157780
157781
157782
157783
157784
157785
157786
157787
157788
157789
157790
157791
157792
157793
157794
157795
157797
157798
157799
157800
157802
157803
157804
157806
157807
157808
157810
157811
157812
157813
157814
157815
157816
157817
157818
157819
157820
157821
157822
157823
157824
157825
157826
157827
157828
157829
157830
157831
157833
157835
157836
157837
157838
157839
157840
157841
157842
157844
157845
157846
157847
157848
157849
157851
157852
157853
157855
157856
157860
157862
157863
157867
157870
157871
157872
157873
157874
157875
157876
157877
157879
157880
157881
157882
157884
157886
157887
157888
157890
157891
157892
157893
157894
157896
157897
157898
157899
157900
157901
157902
157903
157904
157905
157906
157907
157908
157909
157911
157912
157913
157914
157915
157916
157917
157918
157919
157920
157921
157922
157923
157924
157925
157926
157927
157929
157931
157932
157933
157935
157936
157937
157938
157940
157941
157942
157943
157944
157946
157947
157948
157949
157950
157951
157952
157953
157954
157955
157956
157957
157959
157960
157961
157962
157963
157964
157965
157966
157967
157968
157969
157970
157971
157972
157973
157976
157977
157979
157980
157981
157982
157983
157984
157986
157987
157988
157989
157990
157991
157992
157993
157995
157996
157997
157998
157999
158000
158001
158002
158003
158004
158005
158006
158007
158009
158010
158011
158012
158013
158014
158015
158016
158017
158018
158019
158020
158021
158023
158024
158025
158026
158027
158028
158029
158030
158031
158032
158033
158034
158035
158036
158038
158039
158040
158041
158042
158043
158044
158045
158047
158048
158049
158050
158051
158052
158053
158055
158056
158057
158058
158059
158060
158061
158062
158063
158064
158065
158066
158067
158068
158069
158070
158071
158072
158073
158074
158075
158077
158078
158080
158081
158082
158083
158084
158085
158086
158088
158089
158090
158091
158092
158094
158096
158097
158098
158099
158100
158101
158102
158103
158104
158106
158107
158108
158109
158110
158111
158112
158113
158114
158115
158116
158117
158118
158119
158120
158121
158122
158123
158124
158125
158127
158128
158129
158130
158131
158132
158133
158134
158135
158136
158137
158138
158139
158140
158141
158142
158143
158144
158145
158146
158147
158148
158149
158150
158151
158152
158153
158154
158155
158156
158157
158159
158160
158161
158162
158165
158166
158168
158169
158170
158171
158172
158173
158174
158175
158176
158177
158179
158180
158181
158182
158183
158184
158185
158186
158187
158189
158190
158191
158192
158194
158198
158199
158200
158201
158202
158203
158204
158206
158207
158208
158209
158210
158211
158212
158213
158214
158215
158216
158217
158218
158220
158221
158222
158223
158224
158225
158226
158227
158228
158229
158230
158231
158232
158233
158235
158236
158237
158240
158241
158242
158243
158244
158245
158246
158247
158249
158250
158251
158252
158253
158255
158256
158257
158258
158259
158260
158261
158262
158263
158264
158265
158266
158267
158268
158269
158270
158271
158272
158273
158274
158275
158276
158277
158279
158280
158281
158282
158283
158284
158286
158288
158289
158292
158293
158294
158295
158296
158297
158298
158299
158300
158301
158302
158304
158306
158307
158308
158309
158310
158311
158312
158314
158316
158317
158318
158319
158320
158321
158322
158323
158324
158325
158326
158328
158329
158330
158332
158333
158334
158335
158336
158337
158338
158340
158341
158342
158343
158344
158345
158347
158348
158349
158350
158351
158352
158353
158355
158356
158357
158358
158359
158360
158361
158362
158363
158364
158366
158367
158368
158369
158370
158371
158373
158374
158375
158376
158377
158378
158379
158380
158381
158382
158383
158384
158385
158386
158387
158389
158390
158391
158392
158393
158394
158395
158396
158397
158398
158399
158400
158401
158402
158403
158404
158405
158406
158408
158409
158411
158412
158413
158415
158416
158417
158418
158419
158420
158421
158422
158423
158424
158426
158427
158428
158429
158430
158432
158433
158434
158435
158436
158437
158438
158439
158440
158441
158443
158444
158445
158446
158448
158450
158452
158453
158454
158456
158458
158459
158461
158462
158463
158464
158465
158466
158467
158468
158469
158470
158471
158472
158473
158474
158475
158476
158477
158478
158479
158480
158481
158482
158483
158484
158485
158486
158487
158488
158489
158490
158492
158493
158494
158495
158498
158499
158500
158501
158502
158503
158504
158505
158508
158509
158510
158511
158512
158513
158514
158515
158516
158518
158519
158521
158522
158523
158524
158526
158527
158528
158529
158530
158531
158532
158533
158534
158535
158536
158537
158538
158539
158540
158543
158545
158546
158547
158548
158549
158550
158551
158552
158553
158554
158555
158557
158558
158559
158560
158561
158562
158563
158565
158566
158567
158568
158569
158570
158571
158572
158573
158574
158575
158576
158577
158578
158579
158580
158582
158583
158585
158587
158588
158589
158591
158592
158593
158594
158595
158598
158599
158600
158602
158603
158604
158605
158606
158607
158608
158609
158610
158611
158612
158613
158614
158616
158617
158618
158619
158620
158621
158622
158623
158624
158625
158627
158628
158629
158630
158631
158632
158633
158636
158637
158638
158639
158640
158641
158642
158643
158644
158645
158646
158647
158649
158650
158651
158652
158653
158654
158655
158656
158657
158658
158659
158661
158662
158663
158666
158667
158668
158670
158672
158673
158674
158675
158677
158678
158679
158680
158681
158682
158683
158684
158686
158687
158688
158689
158690
158691
158693
158694
158695
158697
158698
158699
158700
158701
158702
158703
158704
158705
158706
158707
158708
158709
158710
158711
158712
158713
158714
158715
158716
158717
158718
158719
158720
158722
158723
158724
158725
158726
158727
158728
158729
158731
158732
158733
158734
158735
158736
158737
158738
158739
158740
158741
158742
158743
158744
158745
158746
158747
158749
158750
158751
158752
158753
158754
158755
158757
158758
158759
158760
158762
158764
158765
158767
158769
158772
158773
158775
158776
158777
158778
158779
158780
158781
158782
158783
158784
158785
158786
158787
158788
158789
158790
158791
158792
158793
158794
158796
158797
158798
158799
158800
158801
158802
158803
158804
158805
158806
158807
158808
158810
158811
158812
158813
158814
158816
158817
158818
158819
158820
158821
158822
158823
158824
158825
158826
158827
158828
158829
158830
158832
158833
158834
158835
158836
158837
158838
158839
158840
158841
158842
158843
158844
158845
158847
158848
158849
158850
158851
158852
158853
158854
158855
158856
158857
158860
158861
158863
158864
158865
158866
158867
158868
158869
158870
158872
158873
158874
158877
158878
158879
158880
158882
158883
158884
158885
158886
158887
158888
158889
158890
158891
158892
158893
158894
158895
158896
158897
158898
158899
158900
158901
158902
158903
158904
158906
158907
158908
158909
158910
158911
158912
158913
158914
158915
158916
158917
158919
158920
158921
158922
158923
158924
158926
158927
158928
158930
158931
158932
158935
158936
158937
158938
158939
158940
158943
158945
158946
158947
158948
158949
158950
158952
158953
158954
158955
158956
158957
158958
158959
158961
158962
158964
158965
158966
158967
158968
158969
158970
158971
158972
158973
158974
158975
158976
158977
158978
158979
158980
158981
158982
158983
158984
158985
158986
158987
158988
158989
158990
158991
158992
158993
158994
158995
158996
158997
158998
159000
159001
159003
159004
159005
159006
159007
159008
159009
159010
159011
159013
159014
159015
159016
159017
159018
159019
159020
159021
159022
159023
159025
159026
159027
159028
159029
159030
159031
159032
159033
159034
159035
159036
159037
159038
159039
159040
159041
159042
159043
159044
159045
159046
159047
159049
159050
159051
159052
159053
159054
159055
159058
159059
159060
159061
159062
159063
159064
159065
159067
159068
159069
159070
159071
159072
159073
159074
159075
159078
159079
159081
159082
159083
159084
159085
159086
159087
159088
159089
159090
159092
159093
159094
159096
159097
159098
159099
159100
159101
159102
159103
159104
159105
159106
159107
159108
159110
159111
159112
159114
159115
159116
159117
159118
159119
159120
159123
159124
159125
159126
159127
159128
159129
159130
159131
159132
159133
159135
159136
159137
159138
159139
159140
159141
159142
159143
159144
159145
159146
159147
159148
159149
159150
159151
159152
159153
159154
159155
159156
159157
159158
159160
159161
159162
159163
159164
159165
159166
159167
159168
159169
159170
159171
159172
159173
159174
159175
159176
159177
159180
159181
159184
159186
159187
159188
159189
159190
159191
159192
159193
159194
159195
159196
159197
159199
159200
159201
159202
159203
159204
159205
159206
159207
159208
159209
159210
159211
159212
159213
159214
159215
159216
159217
159218
159219
159220
159221
159222
159223
159224
159225
159226
159227
159228
159229
159230
159231
159232
159233
159234
159235
159236
159237
159238
159239
159240
159241
159242
159243
159245
159247
159248
159249
159250
159251
159252
159253
159254
159255
159256
159257
159258
159259
159260
159261
159262
159263
159264
159266
159267
159268
159269
159270
159271
159273
159274
159276
159277
159278
159279
159280
159281
159282
159283
159284
159285
159286
159287
159288
159289
159290
159292
159293
159294
159295
159296
159297
159298
159299
159300
159301
159302
159303
159304
159305
159306
159307
159308
159309
159310
159311
159312
159313
159314
159315
159317
159318
159319
159321
159322
159323
159324
159325
159326
159327
159329
159330
159331
159333
159334
159335
159336
159338
159340
159341
159342
159344
159345
159346
159347
159348
159350
159351
159352
159353
159354
159355
159356
159357
159359
159361
159363
159364
159365
159366
159367
159368
159369
159371
159372
159373
159374
159376
159377
159378
159379
159380
159381
159382
159383
159384
159385
159386
159387
159388
159389
159390
159392
159393
159394
159396
159397
159398
159399
159400
159401
159402
159403
159404
159405
159406
159407
159408
159410
159411
159412
159413
159414
159415
159416
159417
159418
159419
159420
159421
159422
159423
159424
159425
159426
159427
159428
159429
159430
159431
159432
159433
159434
159435
159436
159437
159438
159439
159440
159441
159442
159443
159444
159445
159446
159447
159448
159449
159450
159451
159452
159453
159454
159455
159456
159457
159458
159459
159460
159462
159463
159464
159465
159466
159467
159468
159469
159471
159472
159473
159474
159475
159476
159477
159478
159479
159482
159483
159484
159485
159486
159487
159488
159489
159493
159495
159496
159497
159498
159499
159501
159502
159503
159505
159506
159507
159508
159509
159510
159511
159512
159513
159514
159515
159516
159517
159518
159519
159520
159521
159522
159523
159524
159525
159526
159527
159529
159530
159531
159532
159533
159535
159536
159537
159538
159539
159540
159541
159544
159545
159546
159547
159548
159549
159550
159551
159552
159553
159554
159555
159556
159557
159558
159559
159560
159561
159562
159563
159564
159565
159566
159567
159568
159569
159570
159571
159573
159574
159575
159576
159578
159579
159580
159581
159582
159583
159584
159585
159586
159587
159589
159590
159591
159592
159593
159594
159595
159596
159597
159598
159599
159600
159601
159602
159603
159604
159605
159606
159607
159608
159609
159610
159611
159612
159613
159614
159615
159616
159617
159618
159619
159621
159622
159623
159624
159625
159627
159628
159629
159630
159631
159632
159633
159634
159635
159636
159637
159638
159639
159640
159641
159642
159643
159644
159645
159646
159647
159648
159649
159650
159652
159653
159654
159656
159657
159658
159659
159662
159663
159664
159665
159666
159667
159668
159669
159670
159671
159672
159674
159676
159677
159678
159679
159680
159682
159683
159684
159685
159686
159687
159688
159689
159690
159691
159692
159693
159694
159695
159696
159697
159700
159701
159702
159703
159704
159705
159706
159707
159708
159709
159711
159712
159714
159715
159716
159717
159718
159719
159720
159721
159722
159723
159724
159725
159726
159728
159729
159730
159731
159732
159733
159736
159737
159738
159739
159740
159741
159742
159743
159744
159746
159747
159748
159749
159750
159751
159753
159754
159755
159756
159757
159758
159759
159760
159761
159762
159763
159764
159765
159766
159767
159768
159769
159770
159771
159772
159773
159774
159775
159776
159777
159778
159780
159781
159782
159783
159785
159788
159789
159790
159791
159792
159793
159794
159795
159796
159798
159799
159800
159801
159802
159803
159804
159806
159807
159808
159809
159810
159811
159812
159813
159814
159815
159816
159817
159818
159819
159820
159821
159823
159824
159827
159828
159829
159830
159831
159832
159834
159835
159837
159838
159839
159840
159841
159842
159844
159846
159847
159848
159849
159850
159851
159852
159853
159854
159855
159856
159857
159858
159859
159860
159861
159862
159864
159866
159867
159868
159869
159870
159871
159873
159875
159876
159877
159878
