100021
100022
100097
100023
100017
100101
101588
101684
101721
101751
101767
101880
101891
101903
101923
102059
102213
102308
102421
102524
102535
102629
102655
102692
102710
102721
102722
102758
102773
102806
102847
102926
103143
103380
103531
103668
103770
103817
103853
104001
104101
104116
104140
104275
104319
104323
104363
104397
104609
104626
104631
104637
104937
104979
104995
105114
105175
105283
105338
105365
105531
105535
105555
105559
105563
105567
105585
105594
105598
105632
105829
105876
105880
105894
106125
106179
106183
106204
106391
106400
106445
106459
106849
106865
106881
106888
106892
106901
106905
107189
107194
107199
107203
107225
107513
107517
107525
107812
107818
107874
108314
108386
108397
108408
108442
108753
108766
108903
108907
108911
108915
108937
109057
109064
109069
109074
109233
109239
109243
109513
109519
109524
109533
109577
109607
109613
109668
109768
110090
110137
110141
110216
110308
110418
110683
110773
110813
110892
110987
111240
111262
111345
111383
111432
111484
111502
111523
111531
111560
111614
111640
111677
111705
111716
111725
111776
111780
111785
111795
111852
111883
111898
111913
111921
111957
111972
111994
112011
112056
112062
112079
112086
112089
112099
112110
112140
112282
112313
112465
112469
112646
112748
113226
113261
113286
113310
113335
113370
113379
113388
113398
113403
113410
113431
113442
113453
113479
113483
113514
113795
113898
113912
113973
114026
114033
114129
114171
114387
114396
114400
114412
114420
114432
114436
114477
114511
114525
114580
114676
114700
114704
114712
114716
114947
114971
114975
115008
115074
115104
115253
115261
115273
115285
115289
115297
115302
115340
115351
115451
115456
115464
115490
115506
115588
115592
115596
115600
115604
115629
115653
115669
115817
115864
115872
115884
115940
116093
116101
116109
116117
116133
116373
116397
116411
116477
116496
116521
116587
116625
116639
116647
116674
116818
116877
116884
116900
116925
116934
116938
116942
116946
116950
116968
116988
117110
117306
117326
117333
117352
117400
117440
117507
117658
117690
117698
118005
118009
118021
118037
118041
118049
118053
118066
118079
118128
118134
118153
118157
118321
118333
118356
118808
118816
118872
118912
118915
118918
118996
119023
119131
119206
119265
119269
119273
119277
119281
119334
119373
119384
119408
119420
119474
119523
119546
119570
119588
119620
119636
120103
120301
121171
121427
121431
121435
121585
121589
121593
121597
121601
121716
121721
121726
121731
121736
121741
121746
121751
121943
121947
121951
121955
121959
121963
121967
121971
121975
122080
122084
122088
122092
122095
122099
122103
122301
122305
122309
122313
122317
122596
122600
122604
122608
122612
122616
122620
122928
122932
122936
123248
123253
123642
123643
101518
101672
101809
102017
102027
102407
102440
102570
102576
102588
102593
102835
103148
103169
103302
