100862
100064
100079
100087
100089
100095
100101
100107
100111
100114
100116
100121
100122
100133
100136
100140
100143
100148
100151
100159
100160
100172
100174
100178
100204
100221
100230
100241
100248
100260
100261
100268
100280
100282
100283
100285
100287
100288
100290
100292
100294
100310
100311
100317
100346
100348
100352
100354
100356
100359
100365
100369
100385
100397
100411
100415
100416
100418
100419
100426
100436
100445
100451
100452
100454
100461
100465
100477
100480
100482
100484
100491
100508
100513
100515
100518
100526
100542
100568
100573
100592
100595
100602
100613
100620
100622
100629
100643
100652
100656
100658
100661
100663
100684
100696
100708
100713
100743
100755
100756
100764
100789
100796
100799
100800
100807
100811
100828
100835
100839
100841
100847
100849
100864
100867
100872
100877
100878
100881
100890
100898
100902
100906
100917
100937
100947
100954
100956
100961
100964
100967
100968
100970
100985
101003
101008
101011
101022
101023
101035
101043
101049
101056
101062
101066
101074
101077
101079
101106
101108
101111
101117
101139
101144
101146
101156
101157
101179
101182
101217
101277
101280
101300
101303
101315
101321
101322
101324
101328
101333
101343
101346
101349
101356
101385
100077
100105
100110
100118
100128
100134
100180
100190
100193
100196
100200
100207
100223
100231
100237
100263
100276
100277
100279
100296
100297
100308
100318
100320
100329
100335
100338
100344
100350
100371
100380
100386
100388
100392
100399
100409
100413
100417
100420
100422
100424
100433
100442
100446
100449
100457
100496
100498
100499
100503
100522
100525
100550
100556
100557
100560
100571
100579
100589
100594
100598
100603
100610
100612
100618
100624
100642
100647
100654
100655
100659
100666
100674
100678
100682
100687
100689
100692
100699
100703
100710
100711
100714
100716
100720
100733
100735
100740
100742
100746
100750
100752
100759
100783
100786
100805
100806
100808
100823
100836
100842
100855
100857
100865
100868
100874
100875
100896
100908
100925
100928
100929
100939
100941
100943
100945
100951
100958
100974
100975
100977
100978
100986
100989
100990
100992
100993
100994
101012
101017
101019
101020
101050
101054
101069
101070
101081
101107
101110
101112
101114
101120
101124
101125
101126
101128
101131
101133
101134
101136
101137
101143
101149
101150
101162
101163
101165
101168
101169
101176
101181
101187
101188
101191
101216
101223
101305
101318
101326
101330
101336
101338
101344
101347
101395
100067
100075
100076
100078
100091
100103
100106
100109
100112
100113
100117
100123
100126
100131
100138
100147
100154
100158
100161
100164
100181
100183
100185
100189
100191
100194
100199
100205
100219
100224
100236
100238
100251
100262
100264
100270
100272
100275
100281
100298
100300
100307
100326
100328
100330
100332
100334
100336
100341
100343
100349
100351
100353
100355
100357
100358
100362
100366
100370
100377
100379
100382
100387
100396
100402
100407
100423
100429
100435
100437
100438
100441
100444
100447
100456
100459
100488
100497
100501
100504
100506
100517
100524
100532
100540
100546
100551
100559
100574
100577
100583
100588
100608
100611
100623
100630
100646
100648
100668
100675
100677
100679
100683
100688
100717
100721
100726
100734
100745
100768
100774
100782
100788
100813
100824
100834
100852
100858
100876
100886
100889
100897
100907
100909
100911
100913
100919
100924
100932
100936
100940
100944
100946
100949
100955
100957
100960
100969
101018
101021
101024
101028
101030
101032
101038
101046
101052
101055
101071
101073
101080
101084
101105
101123
101135
101158
101164
101167
101171
101178
101189
101208
101220
101248
101266
101274
101292
101307
101339
101355
101366
101375
101379
101390
101393
101400
100063
100065
100070
100073
100081
100083
100086
100088
100094
100096
100099
100115
100119
100120
100125
100129
100132
100135
100141
100145
100149
100152
100157
100163
100167
100168
100170
100173
100175
100177
100179
100186
100187
100197
100202
100209
100213
100216
100222
100227
100229
100232
100240
100242
100244
100246
100247
100249
100253
100255
100257
100259
100266
100267
100278
100284
100286
100289
100291
100293
100295
100302
100309
100312
100314
100319
100323
100325
100337
100347
100360
100364
100368
100372
100374
100384
100389
100391
100393
100398
100400
100405
100410
100412
100425
100427
100434
100450
100453
100462
100464
100466
100469
100471
100476
100478
100481
100485
100492
100494
100509
100512
100514
100519
100521
100527
100529
100534
100537
100543
100549
100553
100562
100564
100566
100569
100572
100575
100580
100585
100593
100599
100601
100604
100606
100614
100616
100619
100621
100625
100627
100634
100637
100644
100650
100662
100670
100673
100676
100681
100685
100700
100702
100704
100706
100709
100712
100724
100732
100736
100738
100739
100741
100748
100749
100754
100766
100770
100772
100776
100778
100780
100784
100791
100794
100801
100803
100810
100820
100822
100837
100840
100846
100850
100856
100860
100861
100866
100869
100873
100880
100892
100895
100899
100901
100903
100915
100921
100923
100938
100942
100952
100962
100966
100972
100998
100999
101001
101002
101004
101006
101007
101010
101013
101015
101026
101034
101036
101040
101042
101045
101048
101057
101059
101060
101063
101065
101068
101075
101078
101082
101109
101113
101115
101119
101121
101127
101130
101132
101147
101152
101155
101180
101183
101185
101186
101199
101202
101211
101225
101232
101235
101238
101241
101244
101252
101256
101259
101270
101279
101286
101298
101302
101311
101325
101329
101332
101335
101348
101358
101362
101369
101383
101386
100062
100066
100068
100069
100071
100072
100080
100082
100084
100093
100097
100098
100100
100102
100104
100108
100124
100130
100139
100144
100146
100150
100153
100155
100162
100166
100169
100171
100176
100184
100192
100201
100203
100206
100208
100210
100211
100212
100214
100215
100217
100218
100220
100225
100226
100228
100250
100256
100265
100303
100304
100313
100315
100322
100324
100327
100331
100333
100363
100367
100373
100375
100376
100378
100383
100390
100394
100395
100406
100408
100414
100431
100439
100443
100455
100463
100467
100468
100470
100472
100473
100474
100475
100486
100489
100493
100500
100510
100520
100523
100530
100531
100535
100536
100538
100541
100544
100545
100548
100552
100554
100561
100581
100582
100590
100597
100605
100609
100617
100626
100628
100633
100635
100649
100653
100657
100660
100665
100669
100671
100691
100707
100715
100719
100723
100727
100728
100730
100737
100753
100757
100762
100765
100773
100781
100785
100787
100790
100793
100795
100797
100798
100802
100804
100814
100815
100816
100819
100825
100830
100831
100833
100838
100843
100854
100870
100871
100879
100884
100887
100888
100893
100894
100900
100904
100910
100920
100926
100930
100931
100950
100953
100963
100965
100973
100976
100979
100987
100988
100995
100997
101005
101014
101025
101027
101029
101031
101039
101041
101044
101047
101058
101061
101064
101076
101091
101092
101093
101096
101097
101099
101101
101103
101104
101118
101122
101129
101153
101160
101173
101205
101213
101218
101221
101226
101228
101233
101282
101319
101340
101352
101353
101360
101367
101372
101378
101380
101397
101398
100060
100074
100085
100090
100092
100127
100137
100142
100156
100165
100182
100188
100195
100198
100233
100235
100245
100254
100269
100271
100273
100274
100299
100301
100306
100340
100342
100361
100381
100403
100404
100428
100430
100440
100448
100458
100460
100479
100483
100487
100490
100495
100502
100505
100507
100511
100516
100528
100533
100539
100547
100558
100563
100565
100570
100576
100578
100584
100586
100591
100600
100607
100615
100631
100632
100638
100639
100640
100641
100645
100651
100664
100667
100680
100686
100690
100701
100718
100722
100725
100729
100731
100744
100747
100767
100769
100771
100775
100777
100779
100792
100809
100812
100817
100821
100844
100848
100851
100853
100859
100882
100885
100891
100905
100914
100916
100922
100933
100934
100935
100948
100959
100971
100980
100981
100982
100984
100991
100996
101000
101016
101033
101037
101051
101053
101067
101072
101083
101086
101089
101090
101094
101098
101102
101116
101142
101151
101154
101159
101161
101166
101170
101172
101174
101175
101177
101184
101190
101236
101239
101258
101272
101275
101295
101342
101351
101370
101374
101376
101382
101387
101391
101422
101430
101435
101437
101462
101469
101471
101473
101475
101481
101484
101488
101491
101496
101503
101507
101512
101516
101532
101535
101556
101570
101576
101587
101624
101630
101639
101641
101645
101664
101681
101721
101736
101751
101756
101763
101402
101418
101439
101447
101450
101453
101455
101461
101465
101466
101478
101486
101501
101525
101530
101542
101551
101553
101579
101593
101635
101637
101644
101647
101650
101653
101655
101658
101661
101662
101667
101670
101672
101673
101677
101679
101683
101684
101695
101699
101702
101707
101714
101717
101733
101734
101742
101761
101765
101768
101786
101811
101827
101829
102456
102461
102463
102466
102467
102468
102469
102471
102472
102486
102489
102490
102494
102495
102496
102497
102499
102503
102505
102507
102509
102511
102516
102532
102533
102535
102540
102541
102542
102545
102547
102549
102569
102570
102578
102579
102580
102584
102596
102599
102603
102604
102607
102611
102616
102617
102619
102620
102623
102627
102632
102633
102639
102642
102646
102648
102649
102650
102652
102653
102654
102655
102656
102658
102660
102664
102668
102672
102674
102679
102681
102683
102687
102691
102693
102694
102722
102723
102727
102730
102763
102765
102766
102773
102774
102776
102777
102778
102782
102820
102823
102824
102825
102826
102827
102829
102831
102832
102833
102836
102837
102838
102845
102849
102850
102851
102852
102853
102854
102856
102857
102858
102861
102865
102874
102875
102888
102890
102892
102898
102906
102918
102919
102924
102925
102929
102931
102932
102936
102937
102940
102941
102946
102948
102949
102950
102956
102960
102961
102962
102965
102967
102970
102979
102982
102984
102985
102987
102988
102993
103002
103004
103009
103010
103013
103015
103018
103022
103023
103036
103039
103042
103044
103046
103048
103053
103056
103060
103219
103221
103234
103257
103258
103259
103262
103264
103269
103271
103272
103273
103274
103310
103322
103323
103324
103329
103330
103332
103336
103340
103348
103351
103352
103353
103364
103370
103375
103394
103415
103422
103423
103440
103452
101403
101406
101416
101420
101429
101433
101477
101492
101500
101504
101529
101574
101578
101581
101610
101618
101634
101638
101642
101665
101671
101682
101716
101725
101728
101731
101770
101777
101781
101804
101816
101836
101856
101859
101865
101869
101893
101901
101904
101923
103065
103174
103175
103177
103183
103184
103189
103190
103261
103316
103320
103325
103438
103444
103447
103457
103461
103462
103464
103495
103501
103502
103535
103536
103540
103564
103572
103573
103574
103587
103594
103630
103631
103645
103663
103695
103701
103702
103708
103709
103730
103735
103736
103744
103773
103785
103792
103795
103799
103832
103846
103856
103860
103894
103904
104153
104154
104159
104160
104161
104164
104165
104200
104201
104203
104205
104214
104219
104249
104254
104256
104258
104259
104260
104261
104262
104266
104268
104270
104272
104275
104285
104300
104327
104341
104400
104420
104453
104458
104462
104468
104475
104618
104622
104626
104627
104628
104629
104630
104633
104637
104640
104667
104675
104696
104699
104705
104709
104715
104721
104773
104774
104780
104790
104791
104795
104843
104845
104848
104851
104853
104854
104861
104881
104883
104915
104917
104919
104920
104924
104925
104927
104955
104956
104961
104971
104993
104998
101401
101404
101417
101425
101426
101434
101445
101449
101451
101467
101508
101513
101523
101526
101527
101533
101540
101544
101550
101552
101555
101559
101561
101562
101575
101603
101608
101615
101626
101668
101669
101678
101680
101685
101688
101689
101690
101691
101692
101693
101737
101739
101740
101741
101743
101750
101754
101758
101766
101783
101784
101787
101788
101799
101801
101806
101807
101815
101823
101824
101825
101826
101831
101841
101846
101853
101860
101871
101875
101887
101909
101919
101936
101951
101968
101996
102005
102007
102010
102012
102014
102020
102026
102030
102039
102049
102052
102055
102059
102061
102066
102067
102075
102091
102196
102198
102199
102205
102212
102215
102222
102226
102240
102242
102243
102269
102279
102281
102283
102332
102333
102338
102340
102341
102342
102343
102411
102412
102419
102455
102459
102475
102573
102574
102592
102661
102667
102684
102707
102708
102712
102817
102840
102843
102844
102846
102848
102855
102955
102963
102973
102974
102975
103016
103028
103033
103034
103035
103067
103108
103116
103154
103214
103226
103227
103266
103302
103321
103368
103431
103441
103454
103470
103471
103477
103478
103487
103490
103491
103551
103552
103558
103560
103566
103623
103626
103628
103632
103633
103666
103669
103671
103672
103675
101409
101412
101424
101436
101440
101452
101456
101460
101472
101480
101483
101487
101490
101495
101509
101514
101518
101534
101545
101568
101586
101590
101602
101613
101616
101621
101627
101675
101687
101696
101700
101703
101706
101710
101713
101719
101722
101746
101757
101795
101798
101820
101840
101862
101878
101890
101897
101910
101939
101942
101948
101959
104659
104662
104663
104664
101411
101421
101428
101441
101468
101474
101537
101563
101567
101582
101584
101589
101592
101595
101598
101600
101604
101620
101648
101656
101659
101666
101674
101697
101701
101704
101726
101735
101767
101791
101802
101830
101849
101864
101870
101873
101876
101879
101883
101906
101918
101924
101962
101965
102476
102482
101407
101413
101415
101432
101444
101458
101463
101494
101498
101499
101505
101515
101520
101539
101548
101549
101558
101572
101594
101597
101606
101607
101611
101625
101631
101632
101708
101711
101730
101745
101749
101753
101774
101776
101792
101793
101796
101814
101822
101832
101838
101868
101872
101888
101894
101900
101903
101912
101913
101915
101930
101934
101944
101950
103143
103404
103405
103407
103421
103465
103526
103528
101674101966
101986
