401514
400001
400002
400003
400004
400005
400006
400007
400008
400009
400010
400011
400012
400013
400014
400015
400016
400017
400018
400019
400020
400021
400022
400023
400024
400025
400026
400027
400028
400029
400030
400031
400032
400033
400034
400035
400036
400037
400038
400039
400040
400041
400042
400043
400044
400045
400046
400047
400048
400049
400050
400051
400052
400053
400054
400055
400056
400057
400058
400059
400060
400061
400062
400063
400064
400065
400066
400067
400068
400069
400070
400071
400072
400073
400074
400075
400076
400077
400078
400079
400080
400081
400082
400083
400084
400085
400086
400087
400088
400089
400090
400091
400092
400093
400094
400095
400096
400097
400098
400099
400100
400101
400102
400103
400104
400105
400106
400107
400108
400109
400110
400111
400112
400113
400114
400115
400116
400117
400118
400119
400120
400121
400122
400123
400124
400125
400126
400127
400128
400129
400130
400131
400132
400133
400134
400135
400136
400137
400138
400139
400140
400141
400142
400143
400144
400145
400146
400147
400148
400149
400150
400151
400152
400153
400154
400155
400156
400157
400158
400159
400160
400161
400162
400163
400164
400165
400166
400167
400168
400169
400170
400171
400172
400173
400174
400175
400176
400177
400178
400179
400180
400181
400182
400183
400184
400185
400186
400187
400188
400189
400190
400191
400192
400193
400194
400195
400196
400197
400198
400199
400200
400201
400202
400203
400204
400205
400206
400207
400208
400209
400210
400211
400212
400213
400214
400215
400216
400217
400218
400219
400220
400221
400222
400223
400224
400225
400226
400227
400228
400229
400230
400231
400232
400233
400234
400235
400236
400237
400238
400239
400240
400241
400242
400243
400244
400245
400246
400247
400248
400249
400250
400251
400252
400253
400254
400255
400256
400257
400258
400259
400260
400261
400262
400263
400264
400265
400266
400267
400268
400269
400270
400271
400272
400273
400274
400275
400276
400277
400278
400279
400280
400281
400282
400283
400284
400285
400286
400287
400288
400289
400290
400291
400292
400293
400294
400295
400296
400297
400298
400299
400300
400301
400302
400303
400304
400305
400306
400307
400308
400309
400310
400311
400312
400313
400314
400315
400316
400317
400318
400319
400320
400321
400322
400323
400324
400325
400326
400327
400328
400329
400330
400331
400332
400333
400334
400335
400336
400337
400338
400339
400340
400341
400342
400343
400344
400345
400346
400347
400348
400349
400350
400351
400352
400353
400354
400355
400356
400357
400358
400359
400360
400361
400362
400363
400364
400365
400366
400367
400368
400369
400370
400371
400372
400373
400374
400375
400376
400377
400378
400379
400380
400381
400382
400383
400384
400385
400386
400387
400388
400389
400390
400391
400392
400393
400394
400395
400396
400397
400398
400399
400400
400401
400402
400403
400404
400405
400406
400407
400408
400409
400410
400411
