    100014,
    100018,
    100121,
    100156,
    100165,
    100178,
    100182,
    100186,
    100189,
    100250,
    100264,
    100267,
    100290,
    100291,
    100296,
    100297,
    100299,
    100367,
    100381,
    100383,
    100421,
    100422,
    100424,
    100427,
    100429,
    100430,
    100431,
    100435,
    100436,
    100440,
    100442,
    100443,
    100530,
    100583,
    100587,
    100598,
    100601,
    100611,
    100636,
    100647,
    100651,
    100660,
    100663,
    100664,
    100666,
    100669,
    100670,
    100690,
    100692,
    100725,
    100755,
    100766,
    100767,
    100836,
    100860,
    100899,
    100907,
    100909,
    100912,
    100941,
    100953,
    100957,
    100977,
    101029,
    101033,
    101036,
    101039,
    101053,
    101063,
    101071,
    101073,
    101075,
    101091,
    101101,
    101102,
    101112,
    101169,
    101177,
    101227,
    101232,
    101243,
    101249,
    101254,
    101259,
    101294,
    101299,
    101303,
    101310,
    101315,
    101318,
    101320,
    101323,
    101325,
    101331,
    101333,
    101347,
    101366,
    101369,
    101373,
    101377,
    101385,
    101397,
    101409,
    101531,
    101544,
    101547,
    101574,
    101608,
    101626,
    101630,
    101634,
    101638,
    101640,
    101663,
    101670,
    101787,
    101820,
    101845,
    101847,
    101852,
    101888,
    101935,
    102015,
    102021,
    102030,
    102038,
    102091,
    102132,
    102141,
    102155,
    102160,
    102229,
    102312,
    102330,
    102355,
    102363,
    102368,
    102387,
    102397,
    102409,
    102417,
    102423,
    102442,
    102488,
    102496,
    103089,
    103095,
    103153,
    103155,
    103180,
    103186,
    103188,
    103192,
    103196,
    103208,
    103211,
    103240,
    103245,
    103305,
    103320,
    103325,
    103352,
    103356,
    103366,
    103381,
    103410,
    103414,
    103432,
    103439,
    103480,
    103491,
    103502,
    103528,
    103550,
    103569,
    103607,
    103643,
    103680,
    103758,
    103766,
    103785,
    103805,
    103877,
    103900,
    103910,
    103986,
    104016,
    104034,
    104038,
    104042,
    104054,
    104118,
    104124,
    104133,
    104170,
    104208,
    104251,
    104309,
    104342,
    104368,
    104423,
    104447,
    104455,
    104510,
    104535,
    104588,
    104597,
    104628,
    104648,
    104655,
    104659,
    104675,
    104687,
    104725,
    104736,
    104743,
    104871,
    104899,
    104958,
    104967,
    105058,
    105107,
    105111,
    105215,
    105225,
    105250,
    105376,
    105408,
    105414,
    105425,
    105435,
    105476,
    105492,
    105499,
    105513,
    105517,
    105519,
    105521,
    105582,
    105591,
    105600,
    105611,
    105619,
    105649,
    105711,
    105723,
    105783,
    105813,
    105826,
    105848,
    105856,
    105867,
    105873,
    105886,
    105896,
    105954,
    105999,
    106073,
    106166,
    106197,
    106249,
    106430,
    106609,
    106699,
    106736,
    107029,
    107263,
    108144,
    108316,
    108445,
    108467,
    108557,
    108581,
    108801,
    108835,
    108872,
    108948,
    109049,
    109200,
    109246,
    109387,
    109601,
    109879,
    109980,
    110048,
    110097,
    110129,
    110139,
    110345,
    110459,
    110489,
    110503,
    110511,
    110659,
    110675,
    110706,
    110777,
    110804,
    110948,
    110976,
    111058,
    111156,
    111244,
    111259,
    111308,
    111477,
    111545,
    111694,
    111707,
    111727,
    111739,
    111745,
    111821,
    111834,
    111937,
    112082,
    112124,
    112153,
    112168,
    112198,
    112268,
    112295,
    112301,
    112417,
    112611,
    112627,
    112708,
    112862,
    113770,
    113773,
    113937,
    113941,
    113966,
    113970,
    114005,
    114011,
    114019,
    114063,
    114178,
    114186,
    114204,
    114272,
    114277,
    114304,
    114320,
    114361,
    114371,
    114381,
    114409,
    114453,
    114528,
    114540,
    114648,
    114719,
    114731,
    114756,
    114816,
    114879,
    114898,
    114910,
    114958,
    114968,
    115077,
    115083,
    115122,
    115306,
    115320,
    115337,
    115371,
    115442,
    115458,
    115495,
    115513,
    115525,
    115569,
    115607,
    115617,
    115753,
    115793,
    115805,
    115809,
    115813,
    115845,
    115889,
    115936,
    115944,
    115952,
    116011,
    116015,
    116114,
    116310,
    116316,
    116376,
    116636,
    116705,
    116759,
    116798,
    116806,
    116862,
    116905,
    116981,
    117030,
    117045,
    117061,
    117068,
    117176,
    117198,
    117234,
    117296,
    117316,
    117324,
    117330,
    117448,
    117451,
    117607,
    117628,
    117651,
    117663,
    117794,
    117829,
    117837,
    117877,
    117884,
    117957,
    117961,
    118026,
    118030,
    118039,
    118076,
    118082,
    118145,
    118304,
    118309,
    118397,
    118401,
    118412,
    118442,
    118585,
    118596,
    118600,
    118605,
    118611,
    118655,
    118676,
    118691,
    118839,
    118867,
    119123,
    119258,
    119371,
    119427,
    119439,
    119447,
    119454,
    119466,
    119494,
    119595,
    119850,
    120042,
    120229,
    120280,
    120328,
    120351,
    120467,
    120474,
    120491,
    120509,
    120512,
    120573,
    120674,
    120698,
    120737,
    120745,
    120767,
    120772,
    120959,
    120980,
    120992,
    121037,
    121067,
    121072,
    121079,
    121087,
    121095,
    121112,
    121117,
    121120,
    121123,
    121140,
    121190,
    121195,
    121205,
    121217,
    121241,
    121270,
    121278,
    121298,
    121323,
    121334,
    121340,
    121346,
    121352,
    121391,
    121414,
    121514,
    121568,
    121583,
    121661,
    121677,
    121712,
    121719,
    121749,
    121822,
    121826,
    121834,
    121841,
    121881,
    121893,
    121900,
    121965,
    121969,
    121973,
    121997,
    122012,
    122020,
    122026,
    122033,
    122037,
    122066,
    122077,
    122101,
    122105,
    122122,
    122158,
    122167,
    122177,
    122182,
    122192,
    122196,
    122207,
    122264,
    122298,
    122303,
    122342,
    122358,
    122370,
    122375,
    122381,
    122420,
    122423,
    122533,
    122652,
    122662,
    122714,
    122723,
    122744,
    122752,
    122788,
    122795,
    122868,
    122872,
    122879,
    122939,
    122970,
    122974,
    122982,
    122988,
    123016,
    123031,
    123056,
    123068,
    123085,
    123088,
    123091,
    123094,
    123098,
    123102,
    123139,
    123142,
    123146,
    123211,
    123238,
    123251,
    123300,
    123304,
    123342,
    123366,
    123382,
    123386,
    123392,
    123412,
    123425,
    123452,
    123488,
    123493,
    123496,
    123502,
    123512,
    123520,
    123528,
    123532,
    123549,
    123558,
    123574,
    123577,
    123579,
    123581,
    123584,
    123588,
    123598,
    123655,
    123698,
    123748,
    123765,
    123769,
    123773,
    123776,
    123814,
    123816,
    123818,
    123821,
    123843,
    123848,
    123860,
    123874,
    123877,
    123882,
    123885,
    123892,
    123895,
    123906,
    123928,
    123934,
    123946,
    123951,
    123954,
    124002,
    124023,
    124028,
    124029,
    124039,
    124042,
    124044,
    124046,
    124050,
    124076,
    124102,
    124107,
    124121,
    124134,
    124137,
    124140,
    124178,
    124196,
    124203,
    124204,
    124243,
    124258,
    124268,
    124272,
    124305,
    124308,
    124314,
    124319,
    124321,
    124325,
    124331,
    124343,
    124349,
    124389,
    124433,
    124435,
    124441,
    124444,
    124446,
    124449,
    124453,
    124461,
    124465,
    124476,
    124481,
    124484,
    124494,
    124496,
    124500,
    124502,
    124504,
    124522,
    124526,
    124528,
    124530,
    124534,
    124541,
    124543,
    124706,
    124721,
    124733,
    124735,
    124738,
    124740,
    124746,
    124766,
    124767,
    124777,
    124803,
    124806,
    124810,
    124838,
    124844,
    124850,
    124853,
    124864,
    124913,
    124948,
    124989,
    125004,
    125022,
    125035,
    125058,
    125092,
    125098,
    125101,
    125104,
    125147,
    125152,
    125158,
    125160,
    125174,
    125178,
    125184,
    125200,
    125210,
    125212,
    125216,
    125251,
    125267,
    125280,
    125285,
    125289,
    125294,
    125301,
    125306,
    125372,
    125375,
    125377,
    125382,
    125384,
    125387,
    125392,
    125400,
    125407,
    125415,
    125418,
    125420,
    125438,
    125456,
    125464,
    125468,
    125481,
    125492,
    125496,
    125502,
    125516,
    125520,
    125536,
    125547,
    125549,
    125629,
    125671,
    125677,
    125744,
    125811,
    125822,
    125945,
    125981,
    126003,
    126054,
    126111,
    126116,
    126148,
    126178,
    126212,
    126220,
    126238,
    126331,
    126414,
    126424,
    126458,
    126461,
    126476,
    126585,
    126588,
    126596,
    126600,
    126605,
    126668,
    126671,
    126699,
    126701,
    126796,
    126899,
    126905,
    126934,
    126938,
    126983,
    126984,
    127010,
    127012,
    127026,
    127035,
    127041,
    127050,
    127056,
    127076,
    127082,
    127106,
    127109,
    127116,
    127168,
    127172,
    127174,
    127181,
    127193,
    127219,
    127248,
    127267,
    127272,
    127286,
    127292,
    127296,
    127305,
    100016,
    127341,
    127346,
    127351,
    127353,
    100114,
    100115,
    100116,
    100117,
    100127,
    100128,
    100136,
    127400,
    127402,
    127408,
    127423,
    127427,
    100175,
    100176,
    100177,
    100185,
    100188,
    100190,
    127449,
    127458,
    127480,
    100235,
    100268,
    127525,
    127530,
    100277,
    127532,
    127544,
    100330,
    127590,
    127601,
    100356,
    100359,
    127613,
    127621,
    100390,
    127635,
    100419,
    100434,
    127682,
    100465,
    100504,
    127740,
    127748,
    100529,
    100545,
    127773,
    127785,
    127787,
    127800,
    127825,
    127843,
    127847,
    127849,
    100684,
    100686,
    100688,
    100689,
    127907,
    100700,
    100703,
    127912,
    100706,
    100717,
    127930,
    100724,
    100734,
    100738,
    100740,
    100742,
    127955,
    100746,
    100763,
    100768,
    127980,
    127992,
    100801,
    128031,
    100822,
    128067,
    100863,
    100865,
    100870,
    128081,
    128087,
    128101,
    128117,
    100916,
    100920,
    100924,
    128131,
    128136,
    100945,
    100958,
    100965,
    100969,
    128173,
    128176,
    100981,
    100983,
    128187,
    100987,
    100994,
    100997,
    128201,
    101006,
    128219,
    101044,
    101057,
    128257,
    128265,
    101069,
    101081,
    128279,
    101084,
    128285,
    128291,
    128301,
    101117,
    128334,
    101155,
    101161,
    101163,
    128368,
    128375,
    128380,
    101195,
    128397,
    128406,
    101229,
    101245,
    128450,
    128480,
    128490,
    101328,
    101337,
    101344,
    128521,
    128525,
    101375,
    101383,
    101391,
    128602,
    128615,
    128631,
    101469,
    101471,
    101474,
    128639,
    101512,
    101516,
    101539,
    101551,
    101559,
    128668,
    101571,
    101593,
    101599,
    128689,
    128701,
    128703,
    128706,
    128714,
    128743,
    128751,
    128772,
    128788,
    128816,
    101878,
    101904,
    128843,
    101924,
    128852,
    128867,
    128892,
    102056,
    102061,
    102072,
    128929,
    128952,
    102168,
    102192,
    102196,
    128986,
    102200,
    129000,
    102224,
    102231,
    129049,
    102332,
    129054,
    102345,
    102349,
    129071,
    129081,
    129086,
    102411,
    129089,
    129095,
    102434,
    129100,
    102444,
    102452,
    129112,
    129141,
    102537,
    129154,
    129157,
    129163,
    129164,
    102564,
    129169,
    129172,
    129175,
    129176,
    129184,
    129189,
    129191,
    102664,
    129230,
    129244,
    129248,
    129255,
    129285,
    129309,
    129312,
    129316,
    129323,
    129326,
    129334,
    129358,
    103078,
    103090,
    103104,
    103106,
    129438,
    103146,
    129447,
    103161,
    129454,
    103163,
    103167,
    103194,
    103206,
    103349,
    103417,
    103493,
    103498,
    103539,
    103554,
    103566,
    103687,
    103723,
    103730,
    103733,
    103753,
    103795,
    103840,
    103850,
    103863,
    103873,
    103887,
    103920,
    103927,
    103948,
    104050,
    124451,
    124457,
    124506,
    124510,
    104418,
    104467,
    124584,
    104482,
    104491,
    104500,
    104515,
    104554,
    124638,
    104610,
    124650,
    104715,
    104720,
    124704,
    104730,
    124716,
    104760,
    104779,
    124744,
    104834,
    104868,
    104880,
    124809,
    124811,
    104919,
    104949,
    104970,
    104981,
    105042,
    105051,
    124924,
    124945,
    105167,
    124975,
    124982,
    125015,
    125027,
    105419,
    105441,
    125081,
    125087,
    125121,
    125124,
    125129,
    125155,
    125181,
    125191,
    125225,
    125270,
    125287,
    125291,
    105939,
    106134,
    106151,
    125422,
    125435,
    125441,
    106226,
    125453,
    125471,
    125475,
    125512,
    106359,
    106361,
    125523,
    125527,
    125541,
    106441,
    125585,
    125590,
    125592,
    106536,
    125595,
    106560,
    125602,
    106569,
    106577,
    125614,
    125619,
    125632,
    125634,
    125637,
    125639,
    125649,
    125652,
    125658,
    125668,
    125674,
    125680,
    125685,
    125692,
    125702,
    125722,
    125735,
    125739,
    125748,
    125772,
    125774,
    125777,
    125785,
    125789,
    125799,
    125803,
    125814,
    125829,
    125857,
    125866,
    125874,
    125878,
    125884,
    125921,
    125939,
    125953,
    125956,
    125970,
    125998,
    107465,
    126035,
    126038,
    126046,
    126049,
    126059,
    126071,
    126075,
    126080,
    126095,
    126099,
    107717,
    126142,
    126150,
    126158,
    126174,
    126189,
    126206,
    126210,
    126217,
    126222,
    107866,
    126226,
    126265,
    126284,
    126311,
    126313,
    126322,
    126329,
    126342,
    126372,
    108301,
    108303,
    126478,
    126487,
    126491,
    126514,
    108479,
    126526,
    126555,
    126559,
    126564,
    108625,
    126573,
    126578,
    126609,
    126613,
    126618,
    126628,
    126659,
    126674,
    126678,
    108943,
    126728,
    126739,
    126763,
    126768,
    126777,
    126782,
    109113,
    126790,
    126882,
    126886,
    109392,
    126922,
    126927,
    126940,
    126951,
    127052,
    127058,
    127066,
    127075,
    127093,
    127100,
    127131,
    127170,
    127182,
    127207,
    127210,
    127213,
    127215,
    127221,
    127225,
    127260,
    127284,
    127289,
    127294,
    127302,
    127309,
    127312,
    127319,
    127321,
    127329,
    127349,
    127377,
    127383,
    127404,
    127412,
    127414,
    127421,
    127434,
    127443,
    127467,
    127471,
    127476,
    127484,
    110743,
    127569,
    127576,
    127585,
    127592,
    127608,
    127674,
    127689,
    127699,
    127704,
    111119,
    111126,
    127750,
    127758,
    127763,
    127775,
    127781,
    127832,
    127834,
    111341,
    111355,
    111368,
    127874,
    127879,
    127889,
    127915,
    127920,
    127925,
    127941,
    111563,
    127973,
    127994,
    127999,
    128004,
    128006,
    128033,
    111753,
    111759,
    128061,
    128106,
    128112,
    128120,
    111874,
    128128,
    128133,
    128171,
    128179,
    112006,
    128198,
    128205,
    128225,
    128250,
    128268,
    128282,
    128288,
    112232,
    128298,
    128304,
    128314,
    112262,
    128319,
    112303,
    128355,
    128361,
    128366,
    128386,
    128413,
    112442,
    128432,
    128439,
    128444,
    112502,
    128453,
    128558,
    128567,
    128576,
    128600,
    112775,
    128611,
    128649,
    128659,
    128681,
    128686,
    128691,
    128697,
    128731,
    128778,
    128791,
    128802,
    128809,
    128811,
    128849,
    128876,
    128896,
    128899,
    128915,
    128917,
    128921,
    128924,
    128933,
    128947,
    128958,
    128974,
    113846,
    128976,
    128981,
    113929,
    129021,
    129027,
    113953,
    129036,
    129041,
    113997,
    129046,
    114030,
    129073,
    129078,
    129083,
    129097,
    129117,
    129124,
    129133,
    129148,
    129152,
    129187,
    114328,
    114333,
    114349,
    129219,
    114429,
    114449,
    114457,
    129263,
    129267,
    129281,
    114665,
    129338,
    129339,
    114697,
    114725,
    129351,
    129365,
    129375,
    129408,
    114867,
    114978,
    114997,
    115052,
    115097,
    115111,
    115294,
    115345,
    115355,
    115499,
    115509,
    115517,
    115521,
    115777,
    115821,
    115905,
    116035,
    116071,
    116146,
    116162,
    116283,
    116325,
    116508,
    116782,
    116961,
    116995,
    117002,
    117022,
    117042,
    117222,
    117273,
    117289,
    117300,
    117308,
    117459,
    117501,
    117906,
    117977,
    118091,
    118103,
    118213,
    118317,
    118363,
    118391,
    118440,
    118445,
    118527,
    118672,
    118737,
    118978,
    119014,
    119031,
    119044,
    119056,
    119064,
    119094,
    119126,
    119275,
    119279,
    119291,
    119295,
    119364,
    119538,
    119572,
    119581,
    120193,
    120364,
    120396,
    120459,
    120470,
    120494,
    120518,
    120541,
    120704,
    120709,
    120965,
    121020,
    121040,
    121050,
    121076,
    121179,
    121182,
    121186,
    121225,
    121376,
    121440,
    121505,
    121508,
    121552,
    121557,
    121575,
    121683,
    121696,
    121700,
    121704,
    121775,
    121800,
    121815,
    121818,
    121837,
    121851,
    121855,
    121874,
    121885,
    122008,
    122016,
    122203,
    122556,
    122629,
    122637,
    122741,
    122845,
    122954,
    123004,
    123020,
    123072,
    123079,
    123149,
    123157,
    123229,
    123232,
    123244,
    123400,
    123525,
    123538,
    123541,
    123550,
    123564,
    123582,
    123586,
    123594,
    123664,
    123672,
    123688,
    123737,
    123751,
    123761,
    123787,
    123819,
    123840,
    123958,
    123960,
    123963,
    123965,
    123971,
    124053,
    124066,
    124085,
    124100,
    124118,
    124127,
    124186,
    124192,
    124197,
    124201,
    124212,
    124215,
    124218,
    124223,
    124233,
    124237,
    124261,
    124403,
    124406,
    124418,
    124427,
    125347,
    125605,
    128057,
    129137,
    129519,
    129550,
    129588,
