100021
100022
100023
100024
100027
100031
100033
100035
100036
100039
100040
100044
100045
100047
100048
100049
100050
100051
100052
100053
100054
100055
100056
100057
100058
100059
100064
100065
100066
100067
100068
100069
100070
100071
100072
100073
100074
100075
100076
100077
100081
100082
100083
100084
100085
100088
100089
100090
100091
100092
100093
100094
100095
100096
100097
100098
100100
100101
100103
100108
100112
100114
100115
100116
100117
100121
100123
100125
100126
100127
100128
100130
100132
100133
100134
100136
100138
100141
100142
100145
100147
100148
100150
100151
100154
100155
100156
100158
100159
100160
100161
100162
100163
100164
100165
100166
100167
100168
100169
100170
100171
100172
100173
100174
100175
100176
100177
100178
100179
100180
100181
100182
100183
100184
100185
100186
100187
100188
100189
100190
100191
100192
100195
100197
100200
100201
100202
100208
100214
100216
100218
100219
100222
100224
100226
100227
100228
100230
100233
100234
100235
100239
100242
100245
100247
100250
100251
100254
100255
100258
100259
100261
100262
100263
100264
100265
100266
100267
100268
100269
100270
100272
100273
100275
100276
100277
100278
100280
100281
100286
100287
100290
100291
100295
100296
100297
100298
100299
100301
100308
100311
100312
100313
100315
100317
100318
100319
100321
100324
100325
100330
100331
100336
100337
100339
100340
100342
100343
100344
100348
100349
100352
100353
100354
100355
100356
100357
100359
100360
100362
100366
100367
100369
100370
100371
100372
100373
100374
100376
100377
100381
100382
100383
100384
100385
100386
100387
100390
100391
100392
100393
100394
100395
100401
100409
100410
100412
100414
100415
100418
100419
100420
100421
100422
100423
100424
100425
100426
100427
100428
100429
100430
100431
100433
100434
100435
100436
100438
100439
100440
100441
100442
100443
100445
100446
100448
100452
100456
100457
100465
100467
100468
100471
100476
100478
100479
100483
100484
100486
100487
100490
100491
100492
100493
100494
100497
100498
100499
100500
100501
100503
100504
100505
100506
100507
100510
100513
100516
100519
100521
100522
100526
100527
100529
100530
100532
100533
100540
100543
100544
100545
100548
100549
100550
100551
100552
100553
100554
100555
100556
100559
100563
100566
100569
100571
100572
100574
100575
100576
100577
100578
100580
100583
100584
100585
100586
100587
100588
100589
100592
100595
100596
100597
100598
100601
100602
100606
100607
100610
100611
100615
100617
100621
100624
100625
100628
100629
100630
100632
100635
100636
100639
100641
100643
100645
100646
100647
100648
100650
100651
100654
100655
100656
100658
100660
100661
100663
100664
100665
100666
100667
100669
100670
100671
100672
100673
100674
100675
100676
100677
100678
100679
100680
100681
100682
100683
100684
100685
100686
100688
100689
100690
100692
100693
100694
100695
100696
100697
100699
100700
100703
100704
100706
100714
100715
100717
100719
100721
100722
100724
100725
100726
100728
100730
100731
100733
100734
100735
100736
100738
100740
100742
100744
100746
100750
100751
100755
100756
100757
100758
100761
100763
100765
100766
100767
100768
100769
100771
100772
100773
100776
100777
100778
100781
100782
100784
100794
100800
100801
100802
100804
100806
100808
100809
100811
100818
100819
100820
100821
100822
100825
100826
100827
100830
100835
100836
100839
100847
100852
100857
100858
100859
100860
100863
100865
100867
100870
100873
100874
100875
100876
100877
100878
100879
100880
100883
100885
100886
100887
100889
100891
100894
100895
100897
100899
100903
100904
100905
100907
100909
100910
100912
100914
100916
100919
100920
100922
100924
100925
100927
100928
100929
100931
100933
100934
100935
100937
100941
100943
100945
100948
100949
100951
100952
100953
100954
100955
100957
100958
100960
100961
100962
100963
100965
100967
100968
100969
100970
100971
100973
100975
100977
100979
100980
100981
100983
100985
100987
100988
100989
100990
100991
100992
100993
100994
100996
100997
101002
101006
101008
101010
101013
101015
101017
101020
101024
101026
101027
101028
101029
101032
101033
101036
101039
101041
101043
101044
101045
101046
101047
101048
101050
101051
101053
101056
101057
101059
101061
101063
101064
101066
101067
101069
101070
101071
101072
101073
101074
101075
101076
101078
101081
101084
101087
101089
101091
101093
101097
101099
101100
101101
101102
101105
101106
101107
101109
101110
101112
101117
101122
101123
101126
101130
101132
101137
101138
101140
101141
101142
101143
101147
101148
101155
101161
101163
101164
101165
101166
101167
101169
101173
101175
101177
101180
101181
101183
101184
101185
101188
101189
101190
101193
101194
101195
101198
101199
101202
101204
101205
101206
101207
101208
101209
101211
101212
101213
101214
101215
101216
101217
101218
101219
101221
101222
101223
101224
101226
101227
101229
101232
101235
101236
101239
101240
101241
101243
101245
101246
101247
101248
101249
101250
101251
101254
101259
101262
101269
101271
101272
101273
101278
101280
101282
101283
101284
101285
101287
101289
101292
101294
101297
101299
101303
101304
101307
101310
101311
101312
101315
101316
101318
101319
101320
101322
101323
101324
101325
101326
101328
101330
101331
101332
101333
101334
101335
101336
101337
101339
101340
101341
101344
101347
101348
101349
101350
101351
101352
101353
101357
101358
101359
101360
101361
101362
101363
101365
101366
101369
101371
101372
101373
101375
101377
101378
101379
101380
101383
101385
101386
101391
101392
101394
101395
101397
101400
101403
101405
101407
101409
101410
101412
101414
101415
101416
101417
101420
101421
101427
101428
101429
101431
101432
101434
101435
101439
101445
101448
101451
101454
101456
101462
101469
101471
101474
101476
101478
101479
101481
101483
101484
101485
101486
101487
101488
101489
101490
101491
101493
101495
101496
101497
101498
101499
101500
101501
101503
101504
101505
101506
101507
101508
101509
101510
101511
101512
101513
101514
101515
101516
101517
101518
101519
101520
101521
101522
101524
101525
101526
101527
101528
101529
101530
101531
101532
101533
101534
101535
101536
101537
101538
101539
101540
101541
101542
101543
101544
101545
101546
101547
101548
101549
101550
101551
101552
101553
101554
101555
101556
101557
101558
101559
101560
101561
101562
101565
101566
101567
101568
101569
101570
101571
101572
101574
101575
101577
101578
101579
101580
101581
101583
101584
101585
101587
101588
101589
101590
101591
101592
101593
101595
101596
101597
101598
101599
101601
101603
101604
101606
101608
101610
101611
101612
101614
101615
101616
101617
101618
101620
101621
101622
101623
101624
101626
101629
101630
101632
101634
101635
101636
101637
101638
101639
101640
101641
101642
101643
101644
101645
101646
101648
101649
101650
101651
101652
101654
101655
101656
101657
101659
101660
101661
101662
101663
101665
101666
101667
101669
101670
101672
101673
101675
101676
101678
101680
101681
101683
101684
101685
101686
101687
101689
101692
101693
101694
101695
101697
101700
101703
101705
101706
101708
101709
101711
101712
101713
101714
101716
101718
101719
101720
101721
101723
101724
101726
101728
101729
101731
101732
101733
101734
101735
101736
101738
101739
101741
101743
101744
101746
101747
101748
101749
101751
101752
101753
101754
101756
101758
101759
101760
101761
101762
101763
101764
101766
101767
101769
101770
101772
101774
101777
101778
101779
101781
101782
101783
101784
101785
101786
101787
101788
101789
101790
101791
101794
101795
101796
101797
101799
101801
101803
101804
101806
101807
101808
101809
101811
101812
101813
101814
101816
101819
101820
101822
101824
101826
101827
101828
101829
101830
101832
101833
101834
101835
101836
101837
101838
101839
101840
101841
101842
101843
101844
101845
101846
101847
101848
101850
101851
101852
101853
101855
101856
101857
101858
101859
101860
101861
101862
101864
101865
101866
101867
101868
101869
101870
101871
101872
101873
101875
101876
101877
101878
101879
101880
101882
101883
101884
101885
101886
101887
101888
101890
101891
101892
101893
101894
101895
101896
101897
101898
101900
101902
101903
101904
101905
101906
101907
101908
101909
101911
101912
101913
101914
101915
101916
101917
101918
101919
101920
101921
101922
101923
101924
101925
101926
101928
101929
101930
101931
101932
101933
101935
101936
101938
101939
101940
101941
101943
101944
101946
101947
101949
101951
101952
101954
101956
101957
101959
101962
101964
101967
101969
101972
101974
101975
101977
101979
101981
101982
101983
101984
101987
101988
101989
101990
101991
101992
101994
101995
101996
101997
101999
102001
102002
102004
102007
102008
102009
102012
102013
102014
102015
102017
102018
102019
102021
102022
102024
102025
102027
102028
102029
102030
102032
102033
102034
102035
102036
102037
102038
102039
102041
102042
102044
102045
102046
102047
102049
102051
102052
102054
102055
102056
102057
102058
102059
102061
102062
102063
102065
102066
102067
102068
102070
102071
102072
102073
102074
102075
102076
102077
102078
102079
102081
102082
102083
102085
102086
102087
102088
102090
102091
102092
102093
102094
102096
102097
102099
102101
102103
102105
102106
102107
102109
102110
102112
102113
102114
102115
102117
102118
102119
102121
102122
102123
102124
102125
102126
102127
102128
102130
102132
102133
102134
102135
102137
102138
102139
102141
102142
102144
102145
102146
102147
102148
102150
102151
102153
102154
102155
102156
102157
102158
102160
102161
102163
102165
102166
102167
102168
102170
102171
102172
102173
102174
102175
102176
102177
102178
102179
102180
102182
102183
102184
102185
102186
102187
102189
102190
102191
102192
102193
102195
102196
102198
102199
102200
102201
102203
102204
102206
102208
102209
102210
102212
102213
102217
102220
102221
102222
102223
102224
102225
102226
102227
102228
102229
102230
102231
102232
102233
102234
102235
102236
102237
102238
102239
102240
102241
102243
102245
102246
102248
102250
102251
102252
102253
102254
102256
102258
102259
102260
102263
102265
102267
102268
102270
102272
102273
102275
102277
102278
102279
102281
102283
102286
102288
102290
102291
102294
102296
102297
102298
102299
102300
102302
102303
102305
102306
102308
102309
102310
102311
102312
102314
102315
102316
102317
102319
102320
102322
102323
102325
102327
102328
102330
102331
102332
102333
102334
102336
102337
102338
102339
102341
102342
102343
102345
102346
102348
102349
102350
102352
102353
102355
102356
102357
102358
102360
102361
102362
102363
102365
102366
102368
102369
102370
102371
102373
102374
102375
102377
102378
102379
102380
102382
102383
102385
102387
102388
102390
102391
102392
102394
102396
102397
102398
102399
102401
102402
102403
102404
102405
102407
102409
102410
102411
102412
102413
102414
102415
102416
102417
102418
102419
102421
102422
102423
102424
102425
102426
102427
102428
102429
102430
102432
102433
102434
102435
102437
102438
102439
102440
102441
102442
102443
102444
102446
102448
102449
102450
102451
102452
102454
102455
102456
102457
102458
102460
102461
102462
102463
102464
102465
102466
102467
102468
102469
102472
102474
102476
102478
102479
102482
102483
102484
102485
102486
102488
102489
102490
102491
102493
102494
102496
102497
102499
102501
102502
102505
102506
102508
102509
102510
102511
102512
102513
102514
102516
102517
102518
102520
102522
102524
102525
102526
102528
102530
102531
102532
102533
102535
102536
102537
102538
102540
102542
102544
102546
102548
102549
102550
102551
102552
102553
102555
102557
102558
102559
102561
102562
102563
102564
102565
102566
102567
102568
102569
102570
102571
102572
102573
102575
102576
102578
102579
102580
102582
102583
102584
102585
102587
102588
102589
102590
102592
102593
102594
102595
102596
102597
102598
102599
102600
102601
102603
102604
102605
102606
102607
102609
102610
102611
102613
102615
102616
102618
102619
102620
102621
102622
102623
102624
102625
102627
102629
102630
102632
102633
102636
102637
102638
102639
102640
102642
102643
102644
102645
102647
102648
102649
102650
102651
102652
102655
102656
102657
102658
102660
102661
102662
102663
102664
102665
102666
102667
102668
102669
102670
102671
102672
102674
102675
102676
102677
102678
102679
102680
102681
102682
102684
102686
102687
102688
102690
102692
102693
102694
102695
102696
102697
102698
102699
102700
102701
102702
102703
102704
102705
102706
102707
102708
102709
102710
102711
102712
102713
102714
102715
102716
102717
102718
102719
102720
102721
102722
102723
102725
102726
102727
102729
102730
102732
102734
102736
102737
102739
102741
102743
102744
102746
102748
102749
102751
102753
102754
102755
102757
102758
102760
102762
102763
102764
102766
102767
102768
102770
102772
102773
102774
102775
102776
102777
102778
102781
102782
102783
102784
102785
102786
102787
102788
102789
102790
102792
102793
102794
102797
102799
102801
102803
102805
102806
102808
102810
102812
102814
102815
102816
102818
102820
102821
102823
102825
102826
102828
102831
102832
102833
102834
102835
102837
102838
102840
102842
102844
102845
102846
102847
102849
102851
102852
102854
102855
102856
102857
102858
102861
102862
102863
102864
102865
102866
102867
102870
102871
102872
102873
102874
102875
102876
102878
102879
102880
102882
102883
102885
102887
102888
102890
102891
102892
102893
102894
102895
102897
102898
102899
102900
102901
102902
102903
102904
102906
102907
102908
102909
102911
102912
102913
102914
102915
102916
102917
102918
102919
102920
102921
102922
102923
102924
102925
102926
102927
102928
102929
102930
102931
102932
102933
102934
102935
102936
102937
102938
102939
102940
102941
102942
102943
102944
102945
102946
102947
102948
102949
102950
102951
102952
102953
102954
102955
102956
102957
102958
102960
102965
102967
102968
102972
102975
102976
102977
102978
102979
102980
102981
102982
102983
102984
102985
102986
102987
102988
102989
102990
102991
102992
102993
102994
102997
102998
102999
103002
103004
103005
103006
103011
103013
103017
103019
103021
103025
103027
103030
103033
103035
103038
103039
103042
103045
103046
103048
103049
103050
103052
103054
103056
103057
103061
103062
103064
103066
103067
103068
103069
103070
103071
103072
103073
103076
103077
103078
103080
103081
103083
103084
103086
103087
103088
103089
103090
103092
103093
103094
103095
103096
103097
103099
103100
103101
103102
103103
103104
103105
103106
103107
103108
103110
103111
103112
103114
103115
103117
103118
103119
103120
103121
103122
103123
103124
103125
103126
103127
103128
103129
103130
103132
103133
103134
103135
103136
103138
103140
103141
103142
103143
103144
103146
103147
103148
103149
103150
103151
103152
103153
103154
103155
103156
103157
103158
103159
103160
103161
103162
103163
103164
103165
103166
103167
103168
103169
103170
103171
103172
103173
103174
103175
103176
103177
103178
103179
103180
103181
103182
103183
103184
103185
103186
103187
103188
103189
103190
103191
103192
103193
103194
103195
103196
103197
103198
103199
103200
103201
103202
103204
103205
103206
103207
103208
103209
103211
103212
103214
103215
103217
103218
103219
103220
103221
103222
103223
103224
103225
103226
103227
103228
103229
103230
103231
103232
103233
103234
103235
103236
103237
103238
103239
103240
103242
103243
103244
103245
103247
103248
103250
103251
103252
103254
103256
103257
103259
103260
103261
103263
103265
103266
103267
103269
103270
103271
103272
103273
103274
103277
103278
103281
103285
103287
103288
103289
103290
103291
103292
103293
103295
103296
103297
103298
103300
103302
103303
103304
103305
103306
103308
103309
103311
103313
103314
103315
103317
103318
103319
103320
103321
103322
103323
103325
103326
103327
103328
103329
103331
103332
103333
103334
103335
103337
103339
103340
103341
103342
103343
103344
103346
103347
103348
103349
103350
103352
103353
103354
103355
103356
103357
103358
103359
103361
103362
103363
103364
103366
103367
103368
103369
103371
103372
103373
103375
103377
103378
103379
103380
103381
103383
103384
103385
103387
103388
103389
103390
103391
103392
103393
103394
103395
103396
103397
103399
103400
103401
103402
103404
103405
103406
103407
103409
103410
103411
103412
103413
103414
103415
103416
103417
103418
103420
103421
103422
103424
103425
103426
103428
103429
103431
103432
103433
103434
103435
103436
103438
103439
103441
103442
103443
103444
103445
103446
103448
103450
103451
103453
103454
103455
103456
103457
103458
103459
103460
103462
103463
103465
103466
103468
103469
103470
103472
103473
103474
103475
103476
103477
103478
103479
103480
103481
103483
103484
103486
103487
103488
103490
103491
103492
103493
103494
103495
103496
103498
103499
103501
103502
103504
103505
103506
103507
103508
103509
103510
103511
103513
103514
103515
103517
103518
103519
103521
103522
103523
103524
103525
103526
103527