400569
400570
400571
400572
400575
400576
400577
400578
400581
400582
400583
400584
400587
400588
400589
400590
400593
400594
400595
400596
400599
400600
400601
400602
400605
400606
400607
400608
400611
400612
400613
400614
400617
400618
400619
400620
400623
400624
400625
400626
400629
400630
400631
400632
400635
400636
400637
400638
400641
400642
400643
400644
400647
400648
400649
400650
400653
400654
400655
400656
400659
400660
400661
400662
400665
400666
400667
400668
400671
400672
400673
400674
400677
400678
400679
400680
400683
400684
400685
400686
400689
400690
400691
400692
400695
400696
400697
400698
400701
400702
400703
400704
400707
400708
400709
400710
400713
400714
400715
400716
400719
400720
400721
400722
400725
400726
400727
400728
400731
400732
400733
400734
400737
400738
400739
400740
400743
400744
400745
400746
400748
400749
400750
400751
400752
400753
400754
400755
400756
400757
400758
400759
400760
400761
400762
400763
400764
400765
400766
400767
400768
400769
400770
400771
400772
400773
400774
400775
400776
400777
400778
400779
400780
400781
400782
400783
400784
400785
400786
400787
400788
400789
400790
400791
400792
400793
400794
400795
400796
400797
400798
400799
400800
400801
400802
400803
400804
400805
400806
400807
400808
400809
400810
400811
400812
400813
400814
400815
400816
400817
400818
400819
400820
400821
400822
400823
400824
400825
400826
400827
400828
400829
400830
400831
400832
400833
400834
400835
400836
400837
400838
400839
400840
400841
400842
400843
400844
400845
400846
400847
400848
400849
400850
400851
400852
400853
400854
400855
400856
400857
400858
400859
400860
400861
400862
400863
400864
400865
400866
400867
400868
400869
400870
400871
400872
400873
400874
400875
400876
400877
400878
400879
400880
400881
400882
400883
400884
400885
400886
400887
400888
400889
400890
400891
400892
400893
400894
400895
400896
400897
400898
400899
400900
400901
400902
400903
400904
400905
400906
400907
400908
400909
400910
400911
400912
400913
400914
400915
400916
400917
400918
400919
400920
400921
400922
400923
400924
400925
400926
400927
400928
400929
400930
400931
400932
400933
400934
400935
400936
400937
400938
400939
400940
400941
400942
400943
400944
400945
400949
400950
400953
400954
400957
400958
400959
400963
400964
400967
400968
400969
400973
400974
400977
400978
400979
400982
400983
400987
400988
400989
400992
400993
400997
400998
400999
401002
401003
401006
401007
401011
401012
401015
401016
401017
401021
401022
401025
401026
401027
401030
401031
401035
401036
401037
401040
401041
401045
401046
401047
401050
401051
401054
401055
401056
401060
401061
401064
401065
401069
401070
401073
401074
401075
401078
401079
401083
401084
401085
401088
401089
401093
401094
401095
401098
401099
401102
401103
401104
401108
401109
401112
401113
401117
401118
401121
401122
401125
401126
401130
401131
401132
401135
401136
401140
401141
401142
401145
401146
401149
401150
401151
401155
401156
401159
401160
401161
401165
401166
401169
401170
401171
401174
401175
401179
401180
401183
401184
401188
401189
401190
401193
401194
401197
401198
401199
401203
401204
401207
401208
401209
401213
401214
401217
401218
401219
401222
401223
401227
401228
401229
401232
401233
401237
401238
401241
401242
401245
401246
401247
401251
401252
401255
401256
401257
401261
401262
401265
401266
401267
401270
401271
401275
401276
401277
401280
401281
401285
401286
401287
401290
401291
401294
401295
401299
401303
401304
401305
401309
401310
401313
401314
401315
401318
401319
401323
401324
401325
401328
401329
401333
401334
401335
401338
401339
401342
401343
401344
401348
401349
401352
401353
401357
401358
401361
401362
401363
401366
401367
401371
401372
401373
401376
401377
401381
401382
401383
401386
401387
401390
401391
401392
401396
401397
401400
401401
401402
401406
401407
401410
401411
401414
401415
401419
401420
401421
401424
401425
401429
401430
401431
401434
401435
401438
401439
401440
401444
401445
401448
401449
401450
401454
401455
401458
401459
401460
401463
401464
401468
401469
401472
401473
401477
401478
401479
401482
401483
401486
401487
401488
401492
401493
401496
401497
401498
401502
401503
401506
401507
401508
401511
401512
401516
401517
401518
401521
401522
401526
401527
401530
401531
401534
401535
401536
401540
401541
401544
401546
401550
401551
401554
401555
401556
401559
401560
401564
401565
401566
401569
401570
401574
401575
401576
401579
401580
401583
401584
401588
401589
401592
401593
401594
401598
401599
401602
401603
401604
401607
401608
401609
401613
401614
401615
401618
401619
401624
401625
401628
401629
401632
401633
401634
401638
401639
401642
401643
401647
401648
401651
401652
401653
401656
401657
401661
401662
401663
401666
401667
401671
401672
401673
401676
401677
401680
401681
401682
401686
401687
401690
401691
401692
401696
401697
401700
401701
401704
401705
401709
401710
401711
401714
401715
401719
401720
401721
401724
401725
401728
401729
401730
401734
401735
401738
401739
401740
401743
401744
401748
401749
401750
401753
401754
401757
401758
401761
401762
401765
401766
401767
401770
401771
401774
401775
401776
401779
401780
401783
401784
401785
401788
401789
401792
401793
401794
401797
401798
401801
401802
401803
401804
401805
401806
401814
401815
401816
401824
401825
401826
401827
401835
401836
401837
401838
401846
401847
401848
401855
401856
401857
401858
401865
401866
401867
401868
401876
401877
401878
401879
401886
401887
401888
401889
401896
401897
401898
401899
401906
401907
401908
401909
401916
401917
401918
401919
401926
401927
401928
401929
401936
401937
401938
401939
401946
401947
401948
401949
401956
401957
401958
401959
401966
401967
401968
401969
401976
401977
401978
401979
401986
401987
401988
401989
401996
401997
401998
401999
402006
402007
402008
402009
402016
402017
402018
402019
402026
402027
402028
402029
402036
402037
402038
402039
402046
402047
402048
402049
402056
402057
402058
402065
402066
402067
402068
402075
402076
402077
402078
402085
402086
402087
402088
402095
402096
402097
402098
402105
402106
402107
402108
402115
402116
402117
402118
402125
402126
402127
402128
402135
402136
402137
402138
402145
402146
402147
402148
402155
402156
402157
402158
402165
402166
402167
402168
402175
402176
402177
402178
402185
402186
402187
402188
402195
402196
402197
402198
402205
402206
402207
402208
402215
402216
402217
402218
402225
402226
402227
402228
402235
402236
402237
402238
402245
402246
402247
402248
402255
402256
402257
402258
402265
402266
402267
402268
402275
402276
402277
402278
402285
402286
402287
402288
402295
402296
402297
402298
402305
402306
402307
402308
402315
402316
402317
402318
402325
402326
402327
402328
402335
402336
402337
402338
402345
402346
402347
402348
402355
402356
402357
402358
402365
402366
402367
402368
402376
402377
402378
402379
402387
402388
402389
402390
402399
402400
402401
402402
402412
402413
402414
402415
402424
402425
402426
402427
402436
402437
402438
402439
402448
402449
402450
402451
402460
402461
402462
402463
402472
402473
402474
402475
402485
402486
402487
402488
402489
402498
402499
402500
402501
402509
402510
402511
402512
402513
402522
402523
402524
402525
402533
402534
402535
402536
402537
402546
402547
402548
402549
402557
402558
402559
402560
402561
402569
402570
402571
402572
402581
402582
402583
402584
402585
402593
402594
402595
402596
402604
402605
402606
402607
402608
402617
402618
402619
402620
402628
402629
402630
402631
402632
402640
402641
402642
402643
402651
402652
402653
402654
402655
402663
402664
402665
402666
402674
402675
402676
402677
402678
402686
402687
402688
402689
402697
402698
402699
402700
402701
402709
402710
402711
402712
402720
402721
402722
402723
402724
402732
402733
402734
402735
402743
402744
402745
402746
402747
402755
402756
402757
402758
402766
402767
402768
402769
402770
402778
402779
402780
402781
402789
402790
402791
402792
402793
402801
402802
402803
402804
402812
402813
402814
402815
402816
402824
402825
402826
402827
402835
402836
402837
402838
402839
402848
402849
402850
402851
402860
402861
402862
402863
402864
402873
402874
402875
402876
402885
402886
402887
402888
402889
402897
402898
402899
402900
402908
402909
402910
402911
402912
402920
402921
402922
402923
402931
402932
402933
402934
402935
402943
402944
402945
402946
402954
402955
402956
402957
402958
402966
402967
402968
402969
402977
402978
402979
402980
402981
402989
402990
402991
402992
403000
403001
403002
403003
403004
403012
403013
403014
403015
403023
403024
403025
403026
403027
403035
403036
403037
403038
403046
403047
403048
403049
403050
403058
403059
403060
403061
403069
403070
403071
403072
403073
403081
403082
403083
403084
403092
403093
403094
403095
403096
403104
403105
403106
403107
403115
403116
403117
403118
403119
403127
403128
403129
403130
403138
403139
403140
403141
403142
403150
403151
403152
403153
403161
403162
403163
403164
403172
403173
403174
403175
403183
403184
403185
403186
403194
403195
403196
403197
403205
403206
403207
403208
403216
403217
403218
403219
403227
403228
403229
403230
403238
403239
403240
403241
403249
403250
403251
403252
403260
403261
403262
403263
403271
403272
403273
403274
403282
403283
403284
403285
403293
403294
403295
403296
403304
403305
403306
403307
403315
403316
403317
403318
403326
403327
403328
403329
403337
403338
403339
403340
403341
403350
403351
403352
403353
403361
403362
403363
403364
403373
403374
403375
403376
403377
403385
403386
403387
403388
403397
403398
403399
403400
403408
403409
403410
403411
403412
403421
403472
403484
403515
403516
403517
403518
403526
403527
403528
403529
403537
403538
403539
403540
403548
403549
403550
403551
403559
403560
403561
403562
403570
403571
403572
403573
403581
403582
403583
403584
403592
403593
403594
403595
403603
403604
403605
403606
403614
403615
403616
403617
403625
403626
403627
403628
403636
403637
403638
403639
403647
403648
403649
403650
403658
403659
403660
403661
403670
403671
403672
403673
403681
403682
403683
403684
403685
403693
403694
403695
403696
403697
403705
403706
403708
403709
403718
403719
403720
403721
403730
403731
403732
403733
403741
403742
403743
403744
403745
403753
403754
403755
403756
403757
403765
403766
403767
403768
403769
403777
403778
403779
403780
403781
403789
403790
403791
403792
403793
403801
403802
403803
403804
403805
403813
403814
403815
403816
403817
403825
403826
403827
403828
403829
403837
403838
403839
403840
403841
403849
403850
403851
403852
403853
403861
403862
403863
403864
403865
403873
403874
403875
403876
403877
403885
403886
403887
403888
403889
403897
403898
403899
403900
403901
403909
403910
403911
403912
403913
403921
403922
403923
403924
403925
403934
403935
403936
403937
403946
403947
403948
403949
403957
403958
403959
403960
403961
403970
403971
403972
403973
403981
403982
403983
403984
403985
403993
403994
403995
403996
403997
404005
404006
404007
404008
404009
404017
404018
404019
404020
404021
404029
404030
404031
404032
404033
404041
404042
404043
404044
404045
404053
404054
404055
404056
404057
404065
404066
404067
404068
404069
404077
404078
404079
404080
404081
404089
404090
404091
404092
404093
404101
404102
404103
404104
404105
404113
404114
404115
404116
404117
404125
404126
404127
404128
404129
404137
404138
404139
404140
404141
404149
404150
404151
404152
404153
404161
404162
404163
404164
404165
404173
404174
404175
404176
404177
404185
404186
404187
404188
404189
404197
404198
404199
404200
404201
404209
404210
404211
404212
404213
404221
404222
404223
404224
404225
404233
404234
404235
404236
404237
404245
404246
404247
404248
404249
404257
404258
404259
404260
404261
404269
404270
404271
404272
404273
404281
404282
404283
404284
404285
404293
404294
404295
404296
404297
404305
404306
404307
404308
404309
404317
404318
404319
404320
404321
404329
404330
404331
404332
404333
404341
404342
404343
404344
404345
404353
404354
404355
404356
404357
404365
404366
404367
404368
404369
404376
404377
404378
404379
404380
404387
404388
404389
404390
404391
404392
404400
404401
404402
404403
404404
404413
404414
404415
404416
404417
404418
404426
404427
404428
404429
404430
404438
404439
404440
404441
404442
404443
404452
404453
404454
404455
404456
404464
404465
404466
404467
404468
404469
404477
404478
404479
404480
404481
404490
404491
404492
404493
404494
404495
404503
404504
404505
404506
404507
404515
404516
404517
404518
404519
404520
404529
404530
404531
404532
404533
404541
404542
404543
404544
404545
404546
404555
404556
404557
404558
404567
404568
404569
404570
404571
404572
404580
404581
404582
404583
404584
404592
404593
404594
404595
404597
404606
404607
404608
404609
404610
404618
404619
404620
404621
404622
404623
404631
404632
404633
404634
404635
404644
404645
404646
404647
404648
404649
404657
404658
404659
404660
404661
404669
404670
404671
404672
404673
404674
404683
404684
404685
404686
404687
404695
404696
404697
404698
404699
404700
404708
404710
404711
404712
404721
404722
404723
404724
404725
404726
404734
404735
404736
404737
404738
404746
404747
404748
404749
404750
404751
404760
404761
404762
404763
404764
404772
404773
404774
404775
404777
404785
404786
404787
404788
404789
404798
404799
404800
404801
404802
404803
404811
404812
404813
404815
404824
404825
404826
404827
404828
404837
404838
404839
404840
404841
404849
404850
404851
404852
404854
404862
404863
404864
404865
404866
404875
404876
404877
404878
404879
404880
404888
404889
404890
404891
404892
404900
404901
404902
404903
404904
404905
404913
404914
404916
404926
404928
404929
404930
404938
404939
404940
404941
404942
404950
404951
404952
404953
404954
404963
404964
404965
404966
404967
404975
404976
404977
404978
404979
404980
404988
404989
404990
404991
405000
405001
405002
405003
405004
405012
405013
405014
405015
405016
405024
405025
405027
405028
405036
405037
405038
405039
405040
405048
405049
405050
405051
405052
405060
405061
405063
405064
405072
405073
405075
405076
405084
405085
405086
405087
405088
405097
405098
405099
405100
405101
405110
405111
405112
405113
405114
405123
405125
405126
405127
405130
405131
405132
405133
405134
405140
405141
405142
405143
405144
405150
405151
405152
405153
405154
405159
405160
405161
405162
405163
405169
405170
405171
405172
405173
405174
405180
405181
405182
405183
405184
405185
405190
405191
405192
405193
405194
405200
405201
405202
405203
405204
405205
405212
405213
405214
405215
405221
405222
405224
405231
405232
405233
405234
405235
405241
405242
405243
405244
405245
405246
405252
405254
405255
405256
405262
405263
405264
405265
405266
405267
405273
405274
405276
405277
405282
405283
405284
405285
405286
405287
405293
405294
405295
405296
405297
405303
405304
405305
405306
405307
405308
405314
405315
405316
405317
405318
405324
405325
405326
405327
405328
405329
405334
405335
405336
405337
405338
405344
405345
405347
405348
405349
405355
405356
405357
405358
405359
405365
405366
405368
405369
405370
405376
405377
405378
405379
405380
405386
405387
405389
405390
405391
405397
405398
405399
405400
405401
405407
405410
405418
405419
405420
405421
405422
405430
405439
405440
405441
405442
405449
405450
405473
405492
405503
405505
405526
405527
405533
405534
405536
405537
405538
405545
405565
405566
405567
405568
405569
405575
405578
405579
405586
405588
405589
405590
405596
405597
405598
405599
405600
405608
405610
405611
405612
405613
405614
405620
405621
405622
405623
405624
405630
405631
405632
405633
405634
405640
405641
405642
405643
405644
405650
405651
405652
405653
405654
405655
405661
405662
405663
405664
405665
405666
405672
405673
405674
405675
405676
405677
405678
405684
405685
405686
405687
405688
405689
405695
405696
405697
405698
405699
405700
405706
405707
405708
405709
405710
405711
405712
405719
405721
405729
405730
405731
405732
405733
405734
405741
405743
405744
405752
405754
405755
405756
405757
405764
405767
405774
405775
405776
405777
405778
405779
405780
405788
405789
405797
405799
405800
405801
405802
405809
405811
405812
405813
405820
405821
405822
405823
405824
405825
405832
405833
405842
405843
405844
405845
405846
405847
405848
405855
405857
405865
405866
405867
405868
405869
405870
405878
405879
405880
405888
405889
405890
405891
405892
405893
405902
405903
405904
405910
405911
405912
405914
405915
405916
405924
405925
405933
405934
405935
405936
405937
405938
405944
405945
405946
405947
405948
405949
405950
405956
405957
405958
405959
405960
405961
405967
405968
405969
405970
405971
405972
405978
405979
405980
405981
405983
405984
405991
405993
405995
406001
406002
406003
406004
406006
406013
406015
406016
406017
406024
406025
406026
406027
406028
406029
406035
406036
406037
406038
406039
406047
406048
406052
406058
406059
406060
406061
406062
406063
406071
406072
406074
406080
406081
406082
406083
406084
406085
406086
406093
406094
406096
406103
406104
406105
406106
406107
406108
406114
406115
406116
406117
406118
406126
406127
406128
406129
406130
406131
406137
406138
406139
406140
406141
406142
406148
406149
406150
406151
406152
406154
406160
406161
406162
406163
406164
406165
406171
406172
406173
406174
406175
406176
406183
406185
406186
406187
406188
406194
406195
406196
406197
406198
406199
406205
406207
406208
406209
406210
406216
406217
406218
406219
406221
406222
406228
406229
406230
406231
406232
406233
406239
406240
406241
406243
406250
406251
406252
406253
406254
406255
406261
406263
406264
406265
406266
406272
406275
406276
406283
406285
406287
406288
406294
406295
406296
406297
406298
406299
406305
406306
406307
406308
406309
406310
406316
406317
406318
406319
406320
406327
406328
406329
406330
406332
406338
406339
406340
406341
406343
406350
406351
406352
406353
406354
406355
406362
406363
406364
406365
406366
406367
406374
406375
406376
406377
406378
406379
406386
406387
406389
406390
406391
406398
406399
406400
406401
406402
406403
406410
406411
406412
406413
406414
406415
406422
406424
406425
406426
406427
406435
406436
406437
406438
406439
406446
406448
406449
406450
406451
406457
406458
406459
406460
406461
406467
406468
406469
406470
406473
406474
406479
406481
406485
406486
406487
406491
406492
406494
406498
406500
406504
406505
406506
406510
406511
406512
406518
406519
406524
406525
406530
406531
406532
406537
406538
406542
406544
406548
406549
406550
406554
406556
406557
406561
406562
406567
406568
406569
406573
406574
406575
406579
406581
406582
406587
406588
406592
406593
406594
406598
406599
406600
406604
406606
406607
406611
406612
406613
406617
406618
406623
406624
406625
406629
406631
406632
406636
406637
406638
406642
406643
406644
406648
406649
406650
406654
406655
406656
406661
406662
406663
406667
406668
406669
406673
406674
406675
406679
406680
406681
406685
406686
406688
406692
406693
406694
406698
406699
406700
406704
406705
406706
406710
406711
406713
406717
406718
406719
406723
406724
406725
406729
406730
406731
406736
406737
406738
406742
406743
406744
406748
406749
406750
406754
406755
406756
406760
406761
406763
406769
406773
406774
406798
406838
406848
406849
406850
406856
406860
406862
406873
406874
406879
406881
406905
406944
406981
407004
407005
407006
407008
407009
407011
407012
407015
407016
407017
407018
407020
407021
407022
407023
407024
407025
407026
407027
407028
407029
407031
407032
407033
407034
407035
407036
407037
407038
407040
407041
407042
407043
407046
407047
407048
407049
407050
407051
407052
407053
407054
407055
407056
407057
407058
407059
407060
407061
407062
407063
407064
407065
407066
407067
407068
407069
407070
407071
407072
407073
407074
407075
407140
407141
407142
407143
407148
407149
407150
407154
407155
407156
407157
407162
407163
407164
407168
407169
407170
407171
407176
407177
407178
407182
407183
407184
407185
407190
407191
407192
407196
407197
407198
407199
407204
407205
407206
407210
407211
407212
407213
407218
407219
407220
407224
407225
407226
407227
407232
407233
407234
407238
407239
407240
407245
407246
407247
407251
407252
407253
407254
407259
407260
407261
407265
407266
407267
407268
407273
407274
407275
407279
407280
407281
407282
407287
407288
407289
407294
407295
407296
407297
407302
407303
407304
407309
407310
407311
407312
407317
407318
407319
407324
407325
407326
407327
407332
407333
407334
407339
407340
407341
407342
407414
407446
407476
407481
407482
407483
407488
407489
407490
407495
407516
407517
407523
407524
407525
407530
407531
407532
407536
407538
407542
407543
407546
407547
407552
407553
407557
407558
407563
407564
407567
407568
407572
407573
407577
407578
407582
407583
407587
407588
407592
407593
407597
407598
407602
407603
407606
407607
407611
407613
407617
407618
407622
407623
407626
407627
407632
407633
407637
407638
407641
407642
407645
407646
407650
407651
407656
407657
407661
407662
407666
407667
407671
407672
407676
407678
407682
407683
407686
407687
407691
407692
407696
407697
407701
407703
407706
407707
407711
407712
407716
407717
407721
407722
407726
407727
407731
407732
407751
407756
407757
407761
407765
407766
407770
407772
407776
407777
407781
407782
407791
407806
407810
407825
407826
407827
407833
407834
407841
407842
407847
407849
407855
407863
407870
407883
407884
407891
407897
407904
407905
407912
407918
407925
407932
407939
407945
407951
407952
407953
407959
407960
407966
407973
407980
407986
407991
407993
407999
408004
408006
408011
408013
408019
408026
408038
408051
408052
408058
408059
408060
408061
408062
408063
408064
408065
408066
408067
408068
408069
408070
408071
408072
408073
408079
408080
408081
408082
408083
408092
408093
408100
408101
408109
408110
408111
408112
408119
408120
408121
408122
408129
408130
408131
408132
408138
408139
408140
408141
408142
408149
408150
408151
408152
408158
408159
408160
408161
408168
408169
408170
408171
408177
408178
408179
408180
408181
408188
408189
408190
408191
408197
408198
408199
408200
408207
408208
408209
408210
408216
408217
408218
408219
408220
408227
408228
408229
408230
408236
408237
408238
408239
408246
408247
408248
408249
408255
408256
408257
408258
408265
408266
408267
408268
408274
408275
408276
408277
408284
408285
408286
408287
408293
408294
408295
408296
408303
408304
408305
408306
408312
408313
408314
408315
408322
408323
408324
408325
408331
408332
408333
408334
408340
408341
408342
408343
408344
408345
408346
408351
408352
408353
408358
408359
408360
408365
408367
408368
408373
408374
408375
408380
408381
408382
408387
408388
408389
408394
408395
408396
408401
408403
408404
408409
408410
408411
408416
408417
408419
408424
408425
408426
408431
408432
408433
408438
408439
408440
408445
408446
408447
408448
408453
408454
408455
408460
408461
408462
408467
408468
408469
408474
408475
408476
408481
408482
408483
408488
408489
408490
408495
408496
408497
408502
408503
408504
408509
408510
408511
408516
408517
408518
408523
408524
408525
408530
408531
408532
408537
408538
408539
408544
408545
408546
408551
408552
408553
408558
408559
408560
408561
408566
408567
408568
408573
408575
408576
408581
408582
408583
408588
408589
408590
408595
408596
408597
408602
408603
408605
408610
408611
408612
408617
408618
408619
408624
408625
408626
408631
408632
408633
408638
408639
408640
408645
408646
408647
408652
408653
408654
408659
408660
408661
408666
408667
408668
408673
408674
408676
408681
408682
408683
408688
408689
408690
408695
408696
408697
408702
408703
408704
408710
408711
408716
408737
408739
408747
408749
408750
408751
408752
408757
408758
408759
408763
408764
408765
408766
408770
408771
408772
408777
408778
408779
408780
408784
408785
408786
408790
408791
408792
408793
408798
408799
408800
408804
408805
408806
408807
408812
408813
408814
408818
408819
408820
408821
408826
408827
408828
408832
408833
408834
408835
408839
408840
408841
408846
408847
408848
408853
408854
408855
408859
408860
408861
408862
408867
408868
408869
408873
408874
408875
408876
408881
408882
408883
408887
408888
408889
408890
408894
408895
408896
408900
408901
408902
408907
408908
408909
408913
408914
408915
408919
408920
408921
408925
408926
408927
408928
408932
408933
408934
408939
408940
408941
408945
408946
408947
408951
408952
408953
408957
408958
408959
408964
408965
408966
408970
408971
408972
408976
408977
408978
408982
408983
408984
408988
408989
408990
408995
408996
408997
409001
409002
409003
409007
409008
409009
409013
409014
409015
409019
409020
409021
409026
409027
409028
409032
409033
409034
409039
409040
409041
409045
409046
409047
409051
409052
409053
409057
409058
409059
409064
409065
409066
409070
409071
409072
409076
409077
409078
409082
409083
409084
409088
409089
409090
409095
409097
409101
409102
409103
409107
409108
409109
409114
409115
409116
409120
409121
409122
409123
409124
409128
409129
409130
409131
409135
409136
409137
409138
409142
409143
409144
409145
409149
409150
409151
409152
409153
409157
409158
409159
409160
409164
409165
409166
409167
409171
409172
409173
409174
409175
409179
409180
409181
409182
409186
409187
409188
409189
409190
409194
409195
409196
409197
409201
409202
409203
409204
409205
409209
409210
409211
409212
409213
409217
409218
409219
409220
409224
409225
409227
409231
409232
409234
409235
409239
409240
409241
409242
409246
409248
409249
409250
409254
409255
409256
409257
409258
409262
409263
409264
409265
409269
409270
409271
409272
409276
409277
409278
409279
409280
409284
409285
409286
409287
409288
409292
409293
409294
409295
409299
409300
409301
409302
409303
409307
409308
409309
409310
409314
409315
409316
409318
409322
409323
409324
409325
409329
409330
409331
409332
409336
409339
409340
409343
409344
409345
409346
409349
409350
409351
409352
409353
409357
409358
409359
409360
409363
409364
409365
409366
409367
409370
409371
409372
409373
409374
409377
409378
409379
409380
409384
409385
409386
409387
409388
409391
409392
409393
409394
409395
409398
409399
409400
409401
409404
409405
409406
409407
409408
409414
409415
409416
409420
409421
409422
409423
409427
409428
409431
409432
409433
409434
409438
409439
409440
409443
409444
409445
409448
409449
409450
409454
409455
409456
409457
409460
409461
409462
409463
409467
409468
409469
409470
409473
409474
409475
409476
409479
409480
409481
409482
409486
409487
409488
409491
409492
409493
409494
409497
409498
409499
409503
409504
409505
409506
409509
409510
409511
409512
409515
409516
409517
409520
409521
409522
409523
409526
409527
409528
409529
409533
409534
409535
409536
409540
409541
409542
409543
409546
409547
409548
409549
409552
409553
409554
409555
409558
409559
409560
409561
409564
409566
409567
409570
409571
409572
409575
409576
409577
409582
409583
409584
409585
409588
409589
409590
409594
409595
409596
409597
409601
409602
409603
409604
409608
409609
409610
409611
409615
409616
409618
409622
409623
409624
409625
409629
409630
409631
409632
409636
409637
409638
409642
409643
409644
409645
409648
409650
409651
409655
409656
409657
409658
409662
409663
409664
409668
409669
409670
409671
409675
409676
409677
409678
409682
409683
409684
409685
409688
409689
409690
409691
409694
409695
409696
409699
409700
409701
409705
409706
409707
409710
409711
409712
409713
409716
409717
409718
409721
409722
409723
409726
409727
409728
409731
409732
409733
409734
409737
409738
409739
409742
409743
409744
409747
409748
409750
409754
409755
409758
409759
409762
409763
409764
409767
409768
409771
409772
409775
409776
409777
409780
409781
409785
409786
409787
409788
409791
409792
409793
409796
409797
409798
409801
409802
409803
409806
409807
409808
409809
409812
409813
409814
409817
409818
409819
409822
409823
409824
409827
409828
409829
409830
409833
409834
409835
409838
409839
409840
409843
409844
409845
409848
409849
409850
409853
409854
409855
409856
409859
409860
409861
409864
409865
409866
409869
409870
409871
409872
409876
409877
409878
409881
409882
409883
409886
409887
409888
409889
409892
409893
409894
409897
409898
409899
409902
409903
409904
409905
409908
409909
409910
409913
409914
409915
409918
409919
409920
409924
409925
409926
409927
409930
409931
409932
409935
409936
409937
409940
409941
409942
409945
409946
409947
409950
409951
409952
409953
409956
409957
409958
409961
409962
409963
409966
409967
409968
409969
409972
409973
409974
409977
409978
409979
409983
409984
409985
409986
409989
409990
409991
409994
409995
409996
409997
410000
410001
410002
410005
410006
410007
410010
410011
410012
410013
410016
410017
410018
410021
410022
410023
410024
410027
410028
410029
410030
410031
410035
410036
410039
410040
410041
410044
410045
410046
410049
410050
410051
410054
410055
410058
410059
410060
410063
410064
410065
410068
410069
410074
410078
410083
410084
410087
410088
410097
410102
410107
410110
410116
410122
410127
410136
410139
410140
410141
410144
410145
410146
410149
410155
410161
410164
410165
410166
410169
410170
410173
410174
410175
410178
410179
410181
410182
410183
410186
410187
410188
410191
410192
410193
410196
410197
410200
410201
410202
410205
410206
410207
410210
410211
410212
410215
410216
410218
410219
410220
410223
410224
410225
410228
410229
410230
410233
410234
410236
410237
410238
410241
410242
410243
410246
410247
410248
410251
410252
410255
410256
410257
410259
410260
410261
410264
410265
410266
410269
410270
410272
410273
410277
410278
410281
410282
410283
410286
410287
410288
410290
410291
410292
410295
410296
410299
410300
410301
410304
410305
410306
410309
410310
410311
410314
410315
410316
410319
410320
410321
410324
410325
410326
410329
410330
410334
410335
410336
410339
410341
410344
410345
410346
410348
410349
410350
410353
410354
410355
410358
410359
410362
410363
410366
410367
410370
410371
410372
410373
410378
410379
410380
410381
410382
410386
410387
410388
410389
410393
410394
410395
410396
410401
410402
410403
410404
410408
410409
410410
410411
410415
410416
410417
410418
410424
410425
410426
410430
410431
410432
410433
410437
410438
410439
410440
410445
410446
410447
410448
410452
410453
410454
410455
410459
410460
410461
410462
410467
410468
410469
410470
410474
410475
410476
410477
410481
410482
410483
410484
410489
410490
410491
410492
410496
410497
410498
410499
410503
410504
410505
410506
410511
410512
410513
410514
410518
410519
410520
410521
410525
410526
410527
410528
410533
410534
410535
410536
410540
410541
410542
410543
410547
410548
410549
410550
410555
410556
410557
410558
410562
410563
410564
410565
410569
410570
410571
410572
410576
410577
410578
410579
410584
410585
410586
410587
410591
410592
410593
410594
410598
410599
410600
410601
410605
410606
410608
410612
410613
410614
410615
410619
410620
410621
410622
410626
410628
410629
410633
410634
410635
410636
410640
410641
410642
410643
410647
410648
410650
410654
410655
410656
410657
410661
410662
410663
410664
410668
410669
410670
410671
410675
410676
410677
410678
410682
410683
410684
410685
410689
410690
410691
410692
410696
410697
410698
410699
410703
410704
410705
410706
410710
410711
410712
410713
410717
410718
410719
410720
410724
410725
410726
410727
410731
410732
410733
410734
410738
410739
410740
410741
410745
410746
410747
410748
410752
410754
410755
410759
410760
410761
410762
410767
410768
410769
410770
410774
410775
410776
410777
410781
410782
410783
410784
410788
410789
410790
410791
410795
410796
410797
410798
410802
410803
410804
410805
410810
410811
410812
410813
410817
410818
410819
410820
410824
410825
410826
410827
410831
410832
410833
410834
410838
410839
410840
410841
410846
410847
410848
410849
410853
410854
410855
410859
410860
410861
410862
410866
410867
410868
410869
410873
410874
410875
410876
410881
410882
410883
410884
410888
410889
410891
410895
410896
410897
410898
410902
410903
410904
410905
410910
410911
410912
410913
410917
410918
410919
410924
410925
410926
410927
410931
410932
410933
410934
410939
410940
410941
410942
410946
410947
410948
410949
410953
410954
410955
410956
410960
410961
410962
410963
410964
410969
410970
410971
410972
410976
410977
410978
410979
410983
410984
410985
410986
410990
410991
410992
410993
410998
410999
411000
411001
411002
411003
411004
411005
411006
411007
411008
411009
411010
411011
411016
411017
411018
411019
411024
411025
411026
411027
411028
411033
411034
411035
411036
411037
411042
411043
411044
411045
411050
411051
411052
411053
411054
411059
411060
411061
411062
411063
411068
411069
411070
411071
411076
411077
411078
411079
411080
411085
411086
411087
411088
411089
411094
411095
411096
411097
411102
411103
411104
411105
411106
411112
411113
411114
411115
411116
411121
411122
411123
411124
411125
411130
411131
411132
411133
411134
411139
411140
411141
411142
411143
411148
411149
411150
411151
411156
411157
411158
411159
411164
411165
411166
411167
411168
411174
411175
411176
411177
411178
411183
411184
411185
411186
411187
411192
411193
411194
411195
411196
411201
411202
411203
411204
411209
411210
411211
411212
411217
411218
411219
411220
411221
411226
411227
411228
411229
411235
411236
411237
411238
411239
411244
411245
411246
411247
411248
411253
411254
411255
411256
411257
411262
411263
411264
411265
411271
411272
411273
411274
411275
411280
411281
411282
411283
411284
411289
411290
411291
411292
411297
411298
411299
411300
411301
411307
411308
411309
411310
411311
411316
411317
411318
411319
411324
411325
411326
411327
411328
411333
411334
411335
411336
411341
411342
411343
411344
411345
411351
411352
411353
411354
411355
411360
411361
411362
411363
411368
411369
411370
411371
411376
411377
411378
411379
411380
411385
411386
411387
411388
411394
411395
411396
411397
411398
411403
411404
411405
411406
411407
411412
411413
411414
411415
411420
411421
411422
411423
411428
411429
411430
411431
411432
411438
411439
411440
411441
411446
411447
411448
411449
411450
411455
411456
411457
411458
411459
411464
411465
411466
411467
411472
411473
411474
411475
411476
411482
411483
411484
411485
411486
411491
411492
411493
411494
411499
411500
411501
411502
411503
411508
411509
411510
411511
411512
411517
411518
411519
411520
411521
411526
411527
411528
411529
411535
411536
411537
411538
411544
411545
411546
411547
411548
411553
411554
411555
411556
411561
411562
411563
411564
411565
411566
411567
411568
411572
411573
411574
411578
411579
411580
411581
411585
411586
411587
411591
411592
411593
411597
411598
411599
411603
411604
411605
411609
411610
411611
411615
411616
411617
411618
411622
411623
411624
411628
411629
411630
411634
411635
411636
411640
411641
411642
411646
411647
411648
411652
411653
411654
411655
411659
411660
411661
411665
411666
411667
411671
411672
411673
411677
411678
411679
411680
411684
411685
411686
411690
411691
411692
411696
411697
411698
411702
411703
411704
411705
411709
411710
411711
411715
411716
411717
411721
411722
411723
411727
411728
411729
411730
411734
411735
411736
411740
411741
411742
411743
411747
411748
411749
411753
411754
411755
411759
411760
411761
411762
411766
411767
411768
411772
411773
411774
411778
411779
411780
411781
411785
411786
411787
411791
411792
411793
411797
411798
411799
411803
411804
411805
411806
411810
411811
411812
411816
411817
411818
411822
411823
411824
411825
411829
411830
411831
411835
411836
411837
411841
411842
411843
411844
411848
411849
411850
411854
411855
411856
411857
411861
411862
411863
411867
411868
411869
411873
411874
411875
411876
411880
411881
411882
411886
411887
411888
411892
411893
411894
411895
411899
411900
411901
411905
411906
411907
411911
411912
411913
411914
411918
411919
411920
411924
411925
411926
411930
411931
411932
411936
411937
411938
411939
411942
411943
411944
411947
411948
411949
411952
411953
411954
411955
411958
411959
411960
411963
411964
411965
411968
411969
411970
411971
411974
411975
411976
411979
411980
411981
411984
411985
411986
411987
411988
411989
411990
411991
411996
411997
411998
411999
412000
412004
412005
412006
412007
412008
412009
412014
412015
412016
412017
412018
412023
412024
412025
412026
412027
412031
412032
412033
412034
412035
412036
412041
412043
412044
412045
412050
412051
412052
412053
412054
412058
412059
412060
412061
412062
412063
412068
412069
412070
412071
412072
412077
412078
412079
412080
412081
412085
412086
412087
412088
412089
412090
412095
412096
412097
412098
412099
412104
412105
412106
412107
412108
412112
412113
412114
412115
412116
412117
412122
412123
412124
412125
412126
412131
412132
412133
412134
412135
412136
412140
412141
412143
412144
412149
412150
412151
412152
412153
412154
412159
412160
412161
412162
412163
412167
412168
412169
412170
412171
412172
412177
412178
412179
412180
412181
412186
412187
412188
412189
412190
412194
412195
412196
412197
412198
412199
412204
412205
412206
412207
412208
412213
412214
412215
412216
412217
412221
412222
412223
412224
412225
412226
412231
412232
412233
412234
412235
412240
412241
412242
412243
412244
412248
412249
412250
412251
412252
412253
412258
412259
412260
412261
412262
412267
412268
412269
412270
412271
412272
412276
412277
412278
412279
412280
412285
412286
412287
412288
412289
412290
412295
412296
412297
412298
412299
412303
412304
412305
412306
412307
412308
412313
412314
412316
412317
412322
412323
412324
412325
412326
412330
412331
412332
412333
412334
412335
412340
412341
412342
412343
412344
412349
412350
412351
412352
412353
412357
412358
412359
412360
412361
412362
412367
412368
412369
412370
412371
412376
412377
412378
412379
412380
412384
412385
412386
412387
412388
412389
412394
412395
412396
412397
412398
412403
412404
412405
412406
412407
412411
412412
412413
412414
412415
412416
412421
412422
412423
412424
412425
412430
412431
412432
412433
412434
412438
412439
412440
412441
412442
412443
412448
412449
412450
412451
412452
412457
412458
412459
412460
412461
412465
412466
412467
412468
412469
412470
412475
412476
412477
412478
412479
412484
412485
412486
412487
412488
412489
412493
412494
412495
412496
412497
412502
412503
412504
412505
412506
412511
412512
412513
412514
412515
412516
412520
412521
412522
412523
412524
412529
412530
412531
412532
412533
412538
412539
412540
412541
412542
412543
412547
412548
412549
412550
412551
412556
412557
412558
412559
412560
412561
412566
412567
412568
412569
412570
412574
412575
412576
412577
412578
412583
412584
412585
412586
412587
412588
412593
412594
412595
412596
412597
412601
412602
412603
412604
412605
412610
412611
412612
412613
412614
412615
412620
412621
412622
412623
412624
412628
412629
412630
412631
412632
412637
412638
412639
412640
412641
412642
412647
412648
412649
412650
412651
412655
412656
412657
412658
412659
412664
412665
412666
412667
412668
412669
412674
412675
412676
412677
412678
412682
412683
412684
412685
412686
412691
412692
412693
412694
412695
412696
412701
412702
412703
412704
412705
412709
412710
412711
412712
412713
412718
412719
412720
412721
412722
412727
412728
412729
412730
412731
412735
412736
412737
412738
412739
412740
412745
412746
412747
412748
412749
412754
412755
412756
412757
412758
412762
412763
412764
412765
412766
412771
412772
412773
412774
412775
412780
412781
412782
412783
412784
412791
412800
412803
412811
412819
412829
412839
412844
412855
412863
412878
412888
412892
412893
412897
412898
412899
412902
412906
412907
412912
412913
412914
412918
412919
412920
412923
412924
412927
412928
412929
412934
412937
412942
412953
412959
412964
412967
412978
412986
412993
412998
412999
413000
413003
413008
413009
413010
413013
413014
413017
413018
413019
413023
413024
413027
413028
413029
413032
413033
413037
413038
413039
413042
413043
413044
413048
413049
413053
413054
413055
413058
413059
413060
413064
413065
413068
413069
413070
413073
413074
413075
413079
413080
413084
413085
413086
413089
413090
413091
413095
413096
413097
413100
413101
413104
413105
413106
413110
413111
413114
413115
413116
413119
413120
413124
413125
413126
413130
413131
413132
413133
413134
413135
413140
413141
413142
413146
413147
413148
413149
413154
413155
413156
413157
413161
413162
413163
413167
413168
413169
413170
413174
413175
413176
413177
413182
413183
413184
413185
413189
413190
413191
413192
413196
413197
413202
413203
413204
413205
413210
413211
413212
413213
413217
413218
413219
413220
413225
413226
413227
413228
413232
413233
413234
413235
413239
413240
413241
413245
413246
413247
413248
413253
413254
413255
413256
413260
413261
413262
413263
413267
413268
413269
413270
413274
413275
413276
413277
413282
413283
413284
413285
413289
413290
413291
413292
413297
413298
413299
413303
413304
413305
413306
413310
413311
413312
413313
413317
413318
413319
413320
413325
413326
413327
413328
413332
413333
413334
413335
413339
413340
413341
413342
413346
413347
413348
413349
413354
413355
413356
413357
413361
413362
413363
413368
413369
413370
413371
413375
413376
413377
413378
413382
413383
413384
413389
413390
413391
413392
413397
413398
413399
413400
413404
413405
413412
413413
413414
413418
413419
413420
413421
413425
413426
413427
413428
413433
413434
413435
413440
413441
413442
413443
413447
413448
413449
413450
413455
413456
413457
413461
413462
413463
413464
413469
413470
413471
413472
413476
413477
413484
413485
413486
413491
413492
413493
413494
413499
413500
413506
413507
413508
413513
413514
413515
413520
413521
413528
413529
413530
413531
413535
413536
413537
413538
413543
413546
413550
413559
413627
413638
413639
413640
413641
413646
413647
413648
413649
413650
413651
413652
413653
413654
413655
413661
413662
413663
413664
413665
413666
413672
413673
413674
413675
413676
413677
413682
413683
413684
413685
413686
413687
413693
413694
413695
413696
413697
413698
413703
413704
413705
413706
413707
413708
413714
413715
413716
413717
413718
413719
413725
413726
413727
413728
413729
413730
413736
413737
413738
413739
413740
413745
413746
413747
413748
413749
413750
413756
413757
413758
413759
413760
413761
413767
413768
413769
413770
413771
413772
413777
413778
413779
413780
413781
413782
413788
413789
413790
413791
413792
413793
413799
413800
413801
413802
413803
413808
413809
413810
413811
413812
413813
413819
413820
413821
413822
413823
413829
413830
413831
413832
413833
413834
413840
413841
413842
413843
413844
413845
413851
413852
413853
413854
413855
413856
413862
413863
413864
413865
413866
413867
413873
413874
413875
413876
413877
413878
413884
413885
413886
413887
413888
413889
413895
413896
413897
413898
413899
413900
413906
413907
413908
413909
413910
413911
413918
413919
413920
413921
413922
413927
413928
413929
413930
413931
413932
413938
413939
413940
413941
413942
413943
413949
413950
413951
413952
413953
413954
413960
413961
413962
413963
413964
413965
413970
413971
413972
413973
413974
413975
413981
413982
413983
413984
413985
413990
413991
413992
413993
413994
413995
414000
414001
414002
414003
414004
414010
414011
414012
414013
414014
414015
414020
414021
414022
414023
414024
414025
414030
414031
414032
414033
414034
414040
414041
414042
414043
414044
414045
414050
414051
414052
414053
414054
414055
