800001
800002
800003
800004
800005
800006
800007
800008
800009
800010
800011
800012
800013
800014
800015
800016
800017
800018
800019
800020
800021
800022
800023
800024
800025
800026
800027
800028
800029
800030
800031
800032
800033
800034
800035
800036
800037
800038
800039
800040
800041
800042
800043
800044
800045
800046
800047
800048
800049
800050
800051
800052
800053
800054
800055
800056
800057
800058
800059
800060
800061
800062
800063
800064
800065
800066
800067
800068
800069
800070
800071
800072
800073
800074
800075
800076
800077
800078
800079
800080
800081
800082
800083
800084
800085
800086
800087
800088
800089
800091
800092
800093
800094
800095
800096
800097
800098
800099
800100
800101
800102
800103
800104
800105
800106
800107
800108
800109
800110
800111
800112
800113
800114
800115
800116
800117
800118
800119
800120
800121
800122
800123
800124
800125
800126
800127
800128
800129
800130
800131
800132
800133
800134
800135
800136
800137
800138
800139
800140
800141
800142
800143
800144
800145
800146
800147
800148
800149
800150
800151
800152
800153
800154
800155
800156
800157
800158
800159
800161
800162
800163
800164
800165
800166
800167
800168
800169
800170
800171
800172
800173
800174
800175
800176
800177
800178
800179
800180
800181
800182
800183
800184
800185
800186
800187
800188
800189
800190
800191
800192
800193
800194
800195
800196
800197
800198
800199
800200
800201
800202
800203
800204
800205
800206
800207
800208
800209
800210
800211
800212
800213
800214
800215
800216
800218
800219
800220
800221
800222
800223
800224
800225
800226
800227
800228
800229
800230
800231
800232
800234
800236
800237
800238
800239
800241
800242
800243
800247
800248
800249
800251
800252
800253
800254
800255
800256
800257
800258
800260
800262
800263
800264
800265
800266
800267
800270
800271
800272
800274
800275
800276
800277
800278
800279
800281
800282
800283
800284
800285
800286
800287
800288
800289
800290
800291
800292
800293
800294
800295
800296
800297
800298
800299
800300
800301
800302
800303
800304
800305
800306
800307
800308
800309
800310
800311
800312
800313
800314
800315
800316
800317
800318
800319
800320
800321
800322
800323
800324
800325
800326
800327
800328
800329
800330
800331
800332
800334
800335
800336
800337
800338
800339
800340
800341
800342
800343
800344
800345
800346
800347
800348
800349
800350
800352
800353
800354
800355
800356
800358
800359
800360
800361
800362
800363
800364
800365
800366
800367
800368
800369
800370
800371
800372
800373
800374
800375
800376
800377
800378
800379
800380
800381
800382
800383
800384
800385
800386
800387
800388
800389
800390
800391
800392
800393
800394
800395
800396
800397
800398
800399
800400
800401
800402
800404
800405
800406
800407
800408
800409
800410
800411
800412
800413
800414
800415
800416
800417
800419
800420
800421
800422
800423
800424
800427
800428
800429
800430
800431
800432
800433
800435
800436
800438
800439
800440
800441
800442
800444
800445
800446
800447
800448
800449
800450
800451
800452
800453
800454
800455
800457
800458
800459
800460
800461
800462
800463
800465
800466
800468
800469
800470
800471
800472
800473
800474
800475
800476
800477
800478
800479
800480
800481
800482
800483
800484
800485
800486
800487
800488
800489
800490
800491
800492
800493
800494
800495
800496
800497
800498
800499
800500
800501
800502
800503
800504
800505
800506
800507
800508
800509
800510
800511
800512
800513
800514
800515
800516
800517
800518
800519
800520
800521
800522
800523
800524
800525
800526
800527
800528
800529
800530
800531
800533
800534
800535
800536
800537
800538
800539
800540
800541
800543
800544
800545
800546
800547
800548
800549
800550
800551
800552
800553
800554
800555
800556
800557
800558
800559
800560
800561
800562
800563
800564
800565
800566
800567
800568
800569
800570
800571
800572
800573
800574
800575
800576
800577
800578
800579
800580
800581
800582
800583
800584
800585
800586
800587
800589
800590
800591
800592
800593
800594
800595
800596
800597
800598
800599
800600
800601
800602
800603
800604
800605
800606
800607
800608
800609
800610
800611
800612
800613
800614
800615
800616
800617
800618
800619
800620
800622
800623
800624
800625
800626
800627
800628
800629
800630
800631
800632
800634
800636
800637
800638
800639
800640
800641
800642
800643
800644
800645
800646
800647
800648
800649
800650
800651
800652
800653
800654
800655
800656
800657
800658
800659
800660
800661
800662
800663
800664
800665
800666
800667
800668
800669
800670
800671
800672
800673
800674
800675
800676
800677
800678
800679
800680
800681
800682
800683
800684
800685
800686
800687
800688
800689
800690
800691
800692
800693
800694
800695
800696
800697
800698
800699
800700
800701
800702
800704
800707
800708
800709
800710
800712
800713
800714
800715
800716
800717
800718
800719
800720
800721
800722
800723
800724
800725
800726
800727
800728
800729
800730
800731
800732
800733
800734
800735
800736
800737
800738
800739
800740
800741
800742
800743
800745
800746
800747
800748
800749
800750
800751
800753
800754
800755
800756
800757
800758
800759
800760
800762
800763
800764
800765
800767
800768
800769
800770
800771
800772
800773
800774
800775
800777
800778
800779
800780
800781
800782
800784
800785
800786
800787
800788
800789
800791
800792
800793
800794
800796
800797
800798
800799
800800
800801
800803
600001
600002
600004
602501
602503
602509
600013
600016
602514
602515
100010
500019
602521
600022
600023
100019
602528
500027
600026
500029
500030
602530
500031
602532
100027
600036
500034
500035
500037
600041
500042
600047
602534
100037
600049
500054
602539
600053
500058
602543
602544
600066
602552
500075
602555
500076
100053
602558
500081
500084
600092
500088
500090
100065
100068
600102
600106
100075
600109
100081
600112
500107
100096
500118
600128
600129
602569
602572
100110
600136
602576
100117
100119
602579
600142
602581
600146
100126
600148
500137
600150
602584
600152
100128
602588
602590
602591
602592
602593
100135
602597
602600
500150
600175
100151
600178
602610
100153
602611
100155
100156
602613
600182
600183
602616
602618
602619
600184
602620
602622
600189
602626
600191
600192
602632
600193
600194
500187
600196
100179
600197
602635
600199
600201
600202
600204
600206
600207
600208
602643
500197
600211
602645
600212
602646
600213
602647
600214
602648
500206
100202
602652
500210
600220
600221
602657
500216
600223
500218
500220
100210
602660
600224
500221
600225
600226
600227
600230
500230
602670
600233
100222
600236
602678
100227
602679
600237
600238
602682
600241
602684
600244
602687
602688
602689
602690
100238
602695
600252
600255
602701
100251
602704
100253
600262
602707
602708
100257
600269
600270
600274
600275
602717
602720
600278
600279
602727
100272
600284
600285
602731
100282
600288
602735
600293
100291
602740
600299
602742
100301
600306
500310
100310
600314
500317
600316
602766
100325
600324
600325
602770
600327
600328
600330
600331
600334
600342
100338
600346
100342
600349
600353
600355
600356
600357
600360
600361
600362
600364
600366
602806
600368
500386
100355
600371
602812
600372
600374
100360
100361
500396
600376
100362
600378
600379
602816
600381
600383
600386
602821
600388
600390
600391
600392
600394
602827
600396
500404
600397
600398
600399
600401
500406
600405
500408
602837
100380
500410
100385
600409
600410
500420
600414
602852
600415
602859
602860
600417
500428
602865
100414
600429
100418
600432
600434
600438
500455
600443
500456
600444
100428
500459
500461
500462
600450
602899
100439
602905
602910
602911
602912
602914
600460
602915
100456
500484
602919
600465
500486
100463
500487
500488
500489
602923
100467
500492
600474
602927
500495
602929
500499
600479
100475
600481
500500
500502
602933
602938
500504
602939
100484
602943
600495
600496
600497
100488
600498
602946
500521
602947
600500
600501
602950
100496
600504
500525
500526
602955
500529
100502
500530
600508
602957
602958
602959
100508
500532
602962
600511
602964
100514
600514
500535
500537
100517
602972
602974
602978
500538
500539
600520
602979
100519
500540
600523
602981
500551
602985
100526
100527
600529
602988
602989
602991
600531
602993
602994
100532
600536
100534
602998
600539
603000
600541
603001
600543
603004
600544
603005
100539
603006
603008
600546
603009
603010
603011
100546
600547
600548
603013
603015
600551
603016
603017
600554
603019
600556
600557
603024
600559
600560
603025
603026
600565
603027
600566
603028
600567
603029
600568
603030
100562
600569
603033
100565
603034
603035
603036
603040
100575
603041
603043
100577
603045
600578
100584
600579
100585
500007
600580
100586
600582
600584
603048
100589
603050
600587
603056
603057
500012
600590
600591
100593
600595
500022
500024
500025
603067
500026
500028
600600
500032
600602
603075
100604
600606
100606
603079
600610
600612
603081
603082
600613
500048
603083
600615
600616
600619
500055
500056
500057
500061
600632
100624
500064
600635
500067
600636
600637
500069
603101
600638
100629
500071
600640
600641
603107
600642
500072
603110
600645
600646
500079
100639
600650
603113
600654
600656
500092
500093
603119
600658
500094
500095
600660
603125
600661
600662
500098
500099
600664
600665
603130
100657
600666
600667
100660
600669
500101
500102
600672
603136
100669
600673
600676
603138
500103
100671
603142
500104
603144
603145
600683
500110
603148
600684
600688
603150
600689
603151
500112
600695
603154
600696
500117
600698
500119
600699
603163
600701
500123
600702
500124
100700
600703
500125
603168
600705
603171
600707
500129
600710
603175
600712
603177
603179
600719
500136
603192
603193
500140
600723
500142
500144
500145
600730
500151
603199
500156
100733
600736
500161
603206
500162
600742
600744
500168
500169
500172
100746
600746
600747
500176
100749
600754
600756
600757
100755
600758
500181
600760
500185
600761
500186
600762
600763
100765
100767
600767
600769
600770
500194
500195
100771
603238
500196
100775
500198
603243
600776
500202
500203
100779
600780
100782
500207
100784
100785
600782
100788
500211
603254
603260
600787
100795
603261
100796
600789
603264
500217
600791
500219
603271
500225
600794
500226
500228
500229
600795
500232
500233
500234
500235
600798
600799
100806
100809
600800
600802
603284
100811
600804
603286
100815
603290
600807
600810
603293
600812
600815
100825
100826
600817
600818
603303
100829
100830
603305
600822
603307
100831
500258
500259
603312
600830
100843
500260
600834
603314
500263
600837
100848
500265
600841
100854
500269
100858
600849
600851
603331
603332
600852
600853
100865
600854
603335
600855
100867
100868
600858
600862
603340
600866
600867
600872
603358
600880
603359
603363
600882
600885
600887
603369
603370
500315
600889
500318
603374
500320
600893
600894
500327
600895
603384
603385
603387
600901
600907
603394
600908
600909
603396
600910
603397
603398
603399
603401
603402
600913
600915
600921
600922
603412
603413
600926
600929
600930
600933
603420
603421
600934
603423
600935
600936
603425
603432
600943
600949
500388
600952
603450
600957
603451
600959
500397
600962
500409
600965
600966
500413
600967
600969
500417
500418
600972
600973
603461
600974
500423
603462
600978
600982
500430
500431
603468
600985
500432
600986
600987
500434
500435
500437
500438
603479
500441
500442
600994
600995
603481
500445
600996
500446
600997
603483
603484
600998
603485
500447
500449
601000
500451
601002
601003
603495
500457
601006
603499
601007
500467
603503
601010
603504
500470
601011
500471
601012
500473
500474
500476
601013
603510
601015
601017
601019
603515
500482
601020
601022
500490
601023
603520
603521
603522
601026
603526
500494
601028
500497
601030
500503
601032
601033
601035
500506
601036
500507
603533
500508
603534
601038
500509
601039
603536
500511
500516
603539
500517
500518
603541
500519
601044
603543
601046
500523
601049
601052
500534
601053
500536
603554
601055
603556
601058
603562
500548
603563
500553
601069
500554
603568
500555
603569
601074
500556
603571
500557
601077
500558
601079
601081
603576
500560
500561
500562
603578
500563
601085
500566
500567
500569
601090
500574
500575
601094
500579
500580
500582
603592
601098
603593
603594
500584
601100
500586
603597
500590
603599
500591
500592
500594
500597
601117
603608
500004
601119
500014
601126
603620
601128
603622
500020
603625
603626
601135
500036
601137
500039
500043
500044
603634
500049
601143
500051
601144
603644
603646
601149
500066
601150
500078
603652
500083
500085
500087
601161
500091
601162
601163
500100
601165
603658
601166
603660
601168
500109
603661
603662
500114
500116
603665
603669
603670
601178
603672
603674
603675
500132
603677
601185
601186
500138
603681
601188
601189
601191
603684
603685
601194
603688
500149
603689
500154
603692
603693
601201
601202
603695
500165
603696
601204
603697
500166
603700
603701
500173
603704
500174
601214
500177
601215
500178
500180
500182
500188
603713
500193
603716
601225
603717
601226
601231
500208
601234
603727
500213
500215
601237
603729
601242
603733
603734
500242
603738
603740
603741
500249
601251
601253
601254
500254
601259
500261
500262
500264
601263
601267
601271
601272
601274
601275
601279
601281
601287
601288
601289
601291
601294
601295
601299
601304
601314
601317
601323
601328
601329
601330
601347
601350
601354
601362
500387
601368
601369
601376
601385
500415
601390
601393
500426
500427
500460
500463
500464
500465
500478
500480
500481
500483
500485
500491
500493
601424
500498
500501
601429
601434
500522
500524
500528
601444
500542
601445
500543
601446
500544
601449
500546
601452
601453
601454
500547
601455
500550
601456
601459
500565
601461
500568
500570
601467
500588
500589
601475
500001
500003
500006
601478
500011
500015
601482
601484
500021
601486
500033
500041
500045
601495
500053
601497
500059
500060
500068
500070
500073
500077
500080
500082
601508
500086
601514
500105
500106
500108
601528
500115
500121
500122
500126
500131
500134
500135
601547
500141
500146
601550
500147
500148
500152
500153
601555
500157
601558
500158
500159
601563
601564
601567
601571
500167
500189
601579
500199
500209
601584
500214
500222
500223
601589
500224
601590
500231
500240
100869
500244
500246
100870
500250
601597
100872
601599
100874
500251
601601
100875
500253
100876
100878
601605
601606
500266
100880
100881
500268
601610
100883
100884
100885
100887
100888
601617
100889
100890
601622
601624
100891
100893
601628
601629
100895
100896
100899
100901
601638
100904
100906
100908
500313
601643
100910
100911
601645
100913
601647
601648
100915
100917
100918
100920
100922
100923
100924
601662
100925
601665
601666
100927
601667
100929
100931
601670
100933
100935
100937
100939
100940
601681
100941
100942
100943
601686
100944
100945
100947
601695
100949
100950
100951
100953
500390
100954
601704
100955
601705
100956
100957
601708
100959
100960
601711
500392
100961
100963
500393
100964
601713
100967
100968
100969
601718
100971
601721
100972
500411
100974
500419
100975
100976
100977
601729
601730
500425
100978
100979
100980
100982
100983
100984
601734
100985
500444
601736
100987
500450
100988
500454
100989
601741
100990
100991
500469
100992
100993
601746
500475
100995
100996
500505
500510
100998
100999
101000
500514
601752
500515
601753
500520
101001
101002
601755
101004
101005
101006
601759
101007
500527
101008
500531
101009
500541
101010
500545
101011
101012
500552
101013
101014
500564
101015
500572
500573
101016
101017
500581
101018
101019
101020
101021
101022
500002
101023
101024
500008
101025
500009
101026
101027
601788
101028
500016
101029
500018
101030
101031
500023
101032
500038
601792
101033
601793
500046
101034
500047
101035
101036
101037
101038
500052
101039
101040
101041
101042
101043
601803
101044
101045
500097
101046
101048
101049
500111
101050
601811
101051
101052
101053
101054
500130
101055
500133
500139
601818
601820
500160
601824
500170
500175
500183
500184
601833
601834
500191
500204
500205
500212
500238
500243
500245
500248
500257
101169
101173
101177
101179
101183
101191
101192
101198
101200
101207
101210
500416
101213
101214
500421
101217
101225
500452
500453
101228
500468
101233
500496
101234
101236
500533
101237
101238
500559
500571
500576
500577
500583
101243
101247
101248
101249
101250
500017
101256
500040
500062
101259
500063
101260
101261
500074
101266
500155
101270
500179
500201
101278
101280
500239
500241
101282
101284
500255
101285
500270
101292
101293
101296
101299
101300
101302
101307
101310
101316
101323
101326
101328
101335
101337
101340
101341
101342
101344
101345
101349
101351
101353
101357
101358
101360
101361
101362
101366
101368
101370
101371
101372
101375
101376
101377
101379
101381
101384
101387
101388
101392
101393
101394
101397
101400
101401
101405
101408
500424
101412
101413
101415
101416
101417
500477
101418
101419
101420
101421
500585
101422
101423
500593
101424
500596
101429
101430
101431
101432
101433
101434
101437
101438
101440
101444
101446
101447
101448
101449
101453
101454
101456
101457
101458
101468
101469
101474
101478
101480
101482
101483
101490
101492
101494
101495
101497
101499
101503
101507
101508
101511
101515
101516
101517
101518
101520
101521
101522
101523
101524
101526
101531
101533
101538
101539
101544
101545
101548
101551
101553
101557
101564
101565
101567
101575
101577
101578
101582
101584
101596
101597
101609
101611
101618
101621
101624
101627
101628
101632
101634
101636
101637
101642
101649
101654
101656
101662
101663
101664
101670
101674
101675
101678
101692
101695
101696
101697
101698
101705
101708
101709
101715
101718
602502
101730
602508
101732
101735
602513
602516
101736
101737
602518
101738
101741
101742
602522
101744
602525
101746
602535
101752
101755
602538
101756
602540
101757
602541
602542
101760
101762
602545
602546
101768
101769
101771
101772
602559
101779
101780
602563
101783
602567
602570
602573
101791
101792
602580
101795
101796
602587
101798
602599
602606
602607
602608
101808
602609
602612
602623
602624
101823
602627
602629
101829
602631
101830
101831
602633
602634
602638
602642
101839
101844
101845
101848
101849
602654
602655
101851
602656
101852
602659
602663
101854
101857
602666
602669
602672
602674
101868
602676
602681
101871
602685
602691
101872
602696
602697
602700
101877
602703
602706
101880
602709
602711
602713
101886
101890
101893
602714
101894
101896
602719
101899
602723
101900
101902
602728
101908
602732
101911
101912
101913
101915
602736
101918
101919
602739
602741
602743
602746
602747
602748
101923
602749
101925
602751
101926
602752
101927
602754
101928
602757
101931
602760
101934
602761
602763
101938
101940
602768
101942
602771
602772
101943
101947
101950
602776
101953
602779
101955
602781
101956
602782
602783
101960
602786
101961
101963
602789
602791
101970
602796
602799
602800
101977
602803
101979
602804
101982
602805
602807
602808
602810
101986
101987
101988
602813
101989
602814
101990
602815
602817
101994
101995
101997
101998
602822
602823
102001
602825
602828
602829
602831
602832
602833
102007
102012
102013
602836
102016
602840
602843
602844
102023
602846
602848
602849
102025
102026
102028
602853
602854
102031
602857
102032
602862
602863
602864
102036
102040
602870
102043
102044
102046
602874
102048
602876
102053
602878
102057
602879
602880
602882
602884
602886
602888
602890
602891
602894
602895
102063
602897
602898
102065
102068
602901
102069
102070
102071
602903
102074
602904
102076
102077
102079
602916
102088
602918
102091
602924
102093
602925
102095
102096
602931
602934
602940
102105
602944
602945
102108
602948
102110
602952
602954
602960
102115
602967
102117
102118
102119
102121
102122
602976
102127
102128
602982
102131
102132
602987
102134
602992
102139
102149
102155
603039
603046
603047
102161
102162
102163
603054
603058
102176
102181
102183
102187
102194
102197
102199
102201
102202
102204
102205
102206
102207
603059
102208
603063
102211
603064
603073
603074
603077
603080
603084
603085
102228
603089
603091
102231
603092
102234
102235
603098
102236
603099
603102
102241
102242
102244
102245
603111
603112
603116
603120
102254
102256
603122
603133
603134
102270
603140
603141
102278
603149
102279
102281
603160
603165
102287
603167
102288
603169
603170
603172
603183
102295
102296
603187
102301
603194
102306
603198
102315
102317
102319
603212
102321
102322
603214
102323
603215
102329
603222
102331
603223
603224
102332
603228
102334
603229
102342
102343
603244
102347
603246
102348
102350
102351
102352
603251
102353
102355
102356
603255
102359
102360
603262
102362
603263
603266
102363
603267
102364
102367
603270
102368
102369
603272
603273
102371
102373
102375
603282
102376
102377
102379
603295
603296
102381
603297
603300
603302
603304
603306
102385
603308
102386
603313
102389
603318
102392
102394
102395
102397
603327
102399
603334
102402
102403
603337
102405
603341
603344
603345
102407
603346
102409
603348
603349
102411
603350
603351
603352
603353
102413
603354
102415
102417
603356
603360
603368
603372
102428
603381
102437
102440
603383
603389
603390
102447
102449
102452
603393
603400
102458
102460
102462
102464
603410
102467
102469
102470
102473
603417
102477
603419
102479
603424
102486
603426
102489
102490
102492
603433
102498
603435
603436
603442
603443
603445
603447
603448
603449
603456
603457
603460
603463
603470
603471
603473
603489
603491
603497
603498
603509
603512
603517
603529
603530
603537
603542
603549
603555
603561
603566
603573
603575
603580
100107
603600
603602
100129
603614
603623
603628
100140
603631
100142
603649
603651
603657
603659
603663
603667
603673
603678
603691
603698
100194
603705
603708
603711
603714
603718
603719
603724
603725
603726
603731
100230
100286
100311
100320
100386
100393
100401
100419
100464
100473
100483
100485
100505
100545
100553
100557
100563
100569
100610
100628
100642
100774
100821
100828
100839
100847
100866
100871
100873
100877
100879
100882
100886
100892
100894
100897
100900
100902
100903
100905
100907
100909
100912
100914
100916
100919
100921
100926
100928
100930
100932
100934
100936
100938
100946
100948
100952
100958
100962
100966
100970
100973
100981
100986
100994
100997
101003
101171
101175
101176
101181
101201
101205
101211
101235
101244
101245
101262
101273
101281
101283
101287
101303
101309
101311
101312
101315
101322
101343
101363
101367
101380
101407
101477
101481
101509
101556
101560
101572
101574
101590
101593
101633
101658
101659
101665
101668
101669
101676
101679
101681
101685
101687
101688
101699
101713
101719
101720
101748
101759
101778
101789
101794
101799
101817
101835
101863
101879
101883
101885
101935
101966
602506
602520
101983
602529
602533
602550
602554
602561
602571
602574
602594
602601
602602
602605
602617
102049
602621
102051
102055
602639
602641
602651
102073
602662
602664
602673
602675
602677
602680
602686
602692
102084
102087
602699
602710
602715
102104
602718
102113
602724
102116
102124
602726
602729
102126
602737
602738
602753
602755
602756
602758
102146
602765
602767
602774
102156
602775
602777
602778
602784
602785
602790
602792
602794
602795
602797
602798
102174
602801
602809
602811
102184
102188
602819
602824
602826
602830
602834
602835
602838
602841
102217
102220
602847
602851
602855
602858
602861
102226
602867
602868
602869
602871
102230
602872
602873
602875
602877
602881
602883
602885
602887
602889
602892
602893
602896
602908
602909
602921
602922
602930
602949
102275
602961
602965
602966
602969
602973
102291
602980
102299
102300
602990
102313
603018
603020
102325
603023
603044
603052
102357
603061
603065
603066
102365
102366
102370
102372
603071
603078
102378
603095
603103
603104
603105
603106
603109
102406
603114
603115
102416
102420
102424
603128
603129
603132
603143
603153
102436
603157
102444
603158
603164
603166
603173
102456
603174
603176
102461
603180
603181
102468
603185
603188
102480
603195
603197
603200
102494
603201
603202
102500
603203
100001
603205
603207
100005
603209
603210
100009
100012
603218
100017
603221
603225
603226
100021
100022
603227
100025
603234
603236
100030
603240
603242
100036
100039
603248
100042
603252
100044
100050
603257
603258
100056
603259
603268
603274
100061
603276
100064
100070
100072
603288
100076
603299
603301
100080
603311
100083
603315
100085
603316
603317
603321
603325
603328
603329
100092
100093
603333
603336
603338
100098
603342
603347
603361
603362
100102
603364
603365
100106
100108
603367
603371
100112
603376
100114
603378
100115
603382
100121
100122
603388
603391
100124
603407
100132
603411
100134
603415
100141
603418
100143
100145
603429
100146
603430
603434
603437
100159
100161
100163
100166
603454
100173
100175
603458
100177
603464
100180
603469
603472
100185
100187
603475
603477
100189
603478
603480
100192
603486
100198
603488
100203
100204
603490
100205
603492
603496
603500
100212
603502
100213
100214
100216
100219
603514
603516
603518
100220
603519
603525
603527
100228
603528
603532
100231
100233
100236
100239
603548
100241
100243
100244
603552
100249
100256
100259
100261
603572
100263
102513
102515
102518
102521
102522
102524
102525
102527
102536
102537
102538
102541
102543
102545
102546
102547
102549
102550
102551
102554
102560
102569
102573
102574
102576
102578
102580
102581
102582
102588
102590
102591
102594
102596
102599
102600
102601
102602
102603
102605
102606
102607
102608
102611
102612
102614
102616
102618
100270
102626
100273
102629
100276
102630
100278
102632
102635
100284
102637
100285
100288
102641
100293
102646
102647
100297
102648
102649
102655
100307
102657
100309
102658
100312
100318
102666
102667
100323
102668
102670
100327
102672
102673
100330
102677
102678
100335
102679
100336
102680
100339
100340
102684
100343
100345
102686
102687
100347
100348
102689
100350
100351
102693
102694
102696
100357
102698
100363
100364
102702
100366
102704
102705
102706
100370
102708
102709
100373
100375
102712
100376
102714
100378
102716
100382
102717
100383
102718
100387
100388
102721
100392
100394
102725
102727
102729
100402
102731
100405
102732
100406
102733
100408
603581
603582
102737
100411
102738
100412
603585
102739
100413
102740
100415
100416
603589
102742
100420
100421
102745
603596
102746
603598
102747
100425
102748
603605
100430
603607
102752
603609
603610
603611
100433
102756
102757
603615
603616
102759
603617
603621
102763
102764
102766
102767
102769
100453
603639
100454
102771
100458
102774
603645
100460
102776
603647
102778
603653
603654
100469
102781
603664
100471
100472
603668
102784
603671
102785
603676
102786
100478
102788
603686
102789
603699
102794
603702
603703
102796
102798
603709
102799
102800
603715
102801
603722
102803
603728
102805
102806
603735
603736
102807
102810
102811
102815
603749
102818
102819
102820
102821
102825
102829
102832
102839
102841
102843
102847
102849
102853
102854
102855
102858
102859
102861
102871
102879
102889
102891
102893
102894
102895
102903
102907
102909
102910
102911
102924
102925
102928
102941
102948
102950
102952
102963
102971
102972
102974
102979
102982
102987
102988
102995
102999
103004
103011
103012
103014
103018
103020
103023
103030
103040
103041
103048
103054
103055
103056
103057
103058
103064
103073
103080
103081
103082
103088
103094
103095
103100
103103
103109
103110
103112
103115
103122
103126
103131
103135
103136
103138
103139
103141
103143
103144
103150
103152
103153
103154
103157
103162
103164
103168
103169
103174
103176
103183
103187
103193
103194
103195
103197
103198
103200
103202
103204
103205
103211
103213
103214
103217
103223
103224
103227
103228
103235
103236
103237
103240
103241
103243
103247
103251
103254
103259
103261
103263
103268
103272
103273
103276
103278
103280
103284
103286
103289
103292
103295
103296
103297
103300
103301
103303
103307
103309
103313
103316
103317
103318
103320
103323
103324
103325
103326
103330
103331
103333
103336
103337
103338
103340
103346
103349
103350
103351
103354
103362
103363
103365
103366
103369
103371
103377
103379
103382
103383
103387
103401
103407
103411
103413
103418
103420
103421
103425
103427
103428
103429
103430
103436
103438
103440
103443
103444
103449
103460
103461
103463
103465
103466
103468
103470
103471
103472
103474
103475
103477
103478
103480
103481
103482
103484
103486
103487
103492
103493
103497
103499
103501
103502
103504
103505
103506
103509
103510
103511
103512
103515
103516
103519
103521
103522
103525
103526
103527
103528
103529
103532
103533
103534
103539
103540
103543
103547
103549
103550
103551
103553
103558
103559
103560
103563
103570
103573
103575
103577
103581
103591
103593
103594
103596
103597
103600
103601
103606
103608
103612
103614
601840
103615
103616
601842
103618
103619
601848
103621
601850
103624
601853
103625
103628
601857
103630
601860
103631
601861
103632
103633
601863
601864
601866
103637
103638
601868
103640
103642
103643
601877
103649
601882
601884
103654
103655
601886
601888
601891
601892
103663
601893
601895
103667
103668
103669
103673
103676
103678
103680
601911
103682
103684
103685
103688
601920
103691
601923
103693
601925
103697
103698
103700
601932
103701
601936
103706
601938
103707
601939
103708
103709
601941
103710
103711
103713
601946
601947
601948
103718
601950
103720
601951
601952
103723
103725
601958
103728
103729
601962
601966
103739
601972
103741
103744
601977
103747
103749
601981
103750
103751
103753
601987
103755
103757
601989
103758
601992
103761
103765
601997
601998
103769
103770
103772
103774
103775
103777
103778
103779
602012
103781
602016
602019
103788
602023
103792
602024
103793
103798
103800
602033
103802
103803
103804
602038
103806
602039
103807
103809
103811
602045
103813
103815
602049
103816
602051
602054
103821
602055
602056
103823
602058
602059
103829
103830
602063
103831
602064
103832
602068
103835
602069
103836
602070
103837
103839
103841
602076
602078
103845
103849
103850
103851
103852
103853
602089
103855
602093
103859
602094
103860
602099
103866
602101
103869
602104
103871
602107
602109
103876
602110
103877
602111
103879
602114
103882
103883
103884
602119
103885
602121
103886
103889
602126
103891
602127
103892
103893
602129
103895
602133
103899
602137
602141
103905
103908
602145
103909
602146
103910
602510
103914
602153
103917
602156
103919
602157
602536
103921
602159
602547
103924
602549
602551
103925
602163
103926
103929
602168
103930
602566
103932
602174
602578
103935
103937
602585
103938
602586
602179
103939
602589
602181
103941
602596
602182
602183
103944
602615
103946
602186
602625
103947
103948
602189
103949
602636
602190
103951
602192
103952
103954
602195
602653
602658
602661
103958
602199
103959
602668
602202
602671
103961
103962
602693
602694
602698
602702
602208
103967
602705
602209
103968
103969
602211
602716
103971
602721
602214
602725
602730
103975
602733
103976
602218
602744
103979
602221
602750
602222
602759
602223
602762
602764
103983
602225
602769
602773
602780
103986
602228
602787
602793
602231
602802
602232
602818
602233
103992
103993
602839
602235
602842
602236
103995
602845
602238
103996
602856
602239
602241
602902
104001
602243
602244
602245
104003
602247
602248
104008
602251
602941
602252
602942
602254
104013
602255
602956
602963
104015
602968
602258
104017
602259
602971
104018
602975
602260
602261
104019
602262
602264
104022
104023
602265
602266
104024
104025
104026
602269
603007
104027
603012
602272
104030
602275
104033
602276
602277
104035
602279
104037
603053
602281
104039
104040
602283
602284
603069
104044
602286
603072
104045
104046
602288
603086
603087
602290
602291
104050
603096
104053
104054
602296
104055
603108
104056
602299
602300
603121
603124
602303
104062
104063
602305
603135
104064
603137
104066
602308
603146
602309
104068
603147
602310
104069
602311
104070
603156
602313
603159
602314
104073
603162
602316
104076
104077
603186
602320
104080
603190
603191
602324
603204
104084
603208
104085
104086
603213
603217
602331
104090
603220
104091
602333
603230
602334
603231
104094
602336
104095
603235
104097
104098
603245
602342
603247
104104
602349
104107
603275
602352
603279
104111
602353
104112
104113
104114
603287
602358
104116
602359
603291
104117
104118
602363
104120
602364
603310
104121
602365
104124
602367
104127
602370
603330
104129
603357
104132
602375
603366
104134
603375
104135
603377
602378
603379
104137
602380
603380
602381
104140
603395
104141
104142
602385
603405
603408
104146
603409
603416
603422
603427
603428
602395
104153
603431
602396
104154
603439
602398
603440
104156
603444
104159
603452
602403
104161
603453
602405
603465
104165
603466
603467
104168
603476
602412
603482
104171
602414
104172
603494
602416
104173
603501
602417
603505
603506
602418
603507
603508
603511
104180
603513
602422
603523
602423
603524
603531
104185
603545
104189
602431
603546
104190
104191
602433
104192
603551
602434
104193
602435
104194
603558
104195
603559
104196
603560
104197
602441
603567
104199
603570
602443
603574
602444
603577
104202
602445
603579
104204
104205
603586
104206
603587
104207
603590
602453
104211
603595
602455
603601
104214
602457
603604
104215
603606
104216
603612
602460
603613
104218
602462
603619
104220
603624
602464
603629
603630
104224
603632
602469
603635
602470
104227
602471
603640
104231
602475
602476
603643
104234
602477
603648
104237
603656
602481
603666
104239
603679
104240
603680
104241
603682
602485
603687
602487
104245
602488
104249
602491
603720
603721
104253
602496
104255
602497
603737
602500
104259
104260
600005
104261
600008
600009
600011
104268
600012
104269
104270
600017
104274
600020
104275
104277
104278
104282
104288
600040
104292
104293
600048
104295
104296
600051
104298
600056
104302
104303
600060
104304
600061
104305
600063
104312
600070
600072
104315
600073
104317
104318
104319
104321
600080
104322
600081
104325
600084
600085
600086
600087
104330
600091
104334
600093
600094
104336
600095
104337
600096
104341
600100
600103
104346
600108
600110
104350
600111
104351
600113
104354
600117
104356
600119
104359
600121
600122
104361
104362
600125
104364
600126
600130
104367
600132
600133
104370
600135
104372
104373
600138
104374
600139
104376
600143
600144
104378
104380
600149
104381
600151
600153
104383
104384
600155
104385
600156
600157
104387
104389
600160
600161
104391
104394
104395
104396
600171
104397
600172
104398
104399
600176
104400
104401
600181
104402
104403
104405
600188
104406
104407
104411
104412
104413
600217
104414
104416
600228
600231
600234
104422
600239
600243
600253
104438
600258
600259
600260
104441
600263
600264
600265
600273
104453
600280
600281
600282
600283
104461
600290
600295
104468
600298
104472
600303
600304
104475
600305
104477
600308
104478
600309
600310
104482
600313
104484
600315
104487
104491
600326
600329
104495
600335
600339
104500
104504
600345
600348
104512
600363
600365
600367
600377
104522
600382
600384
104525
600389
600393
104531
104532
104533
104534
600412
104538
104540
600423
104545
600424
600427
104549
600430
600431
104552
104554
600437
104562
104564
600451
104568
104569
104574
600468
600470
600472
104583
104584
600478
104588
600480
104591
104592
600487
600488
104597
104599
600494
104601
600503
104605
104606
600509
104608
600510
104609
600513
600518
600519
104618
600524
104622
600526
104623
600542
600545
600549
600552
104639
600555
104641
104644
600564
104646
600571
104648
600573
104649
104650
600576
104654
104655
600585
600586
104657
104661
104662
600597
104664
600599
104668
600605
104670
104673
104674
600620
104676
104680
104681
104682
600628
600629
104686
104688
104689
104694
600659
600663
104700
600668
104701
600671
104703
600675
104706
600678
600680
104709
600682
600685
104712
104713
104714
104719
104720
600704
600711
104725
600713
104731
600722
104733
600724
600725
104735
600726
104737
104738
600729
600732
104741
104743
600737
600750
600751
600755
104761
600768
104763
600772
104764
104765
104766
600778
104769
600781
104770
600788
104774
104777
600797
104778
104782
600808
600809
104783
600811
104784
600825
104794
104796
104799
104802
104805
104807
104809
600857
104811
600861
104812
600863
600864
104815
104816
600870
104819
600874
104820
600878
104823
104824
600881
600884
104827
104828
104829
104830
600898
104832
104833
600900
104834
600903
104836
600904
600906
104841
104846
600920
104847
104848
600925
104851
600931
104854
600938
104857
600941
104859
600942
104861
104863
600947
104864
600950
600960
104875
600968
104877
104879
104881
600980
104893
104894
601005
104895
601009
601014
104900
104903
601029
104905
104906
601034
601037
104908
601041
104914
104923
104931
104932
601075
104934
104935
104938
601087
601088
601089
104943
601095
104950
601101
104951
601103
601105
601106
601107
104958
104959
601111
104962
104964
104967
601118
601120
104969
601127
104974
601129
104975
104976
601132
104978
104979
601138
601142
601145
104987
601146
601147
104991
601154
601158
601160
102501
601171
601173
601174
601176
601177
601179
601187
601192
601193
601197
102533
601198
601205
102544
601206
102555
601210
601212
102565
601223
601229
601230
601233
102584
601236
102586
102589
601240
601241
102597
102598
601248
102610
601252
102619
601262
102627
601270
601276
102638
601278
102640
102643
601283
601285
601286
102656
102659
102660
601303
102664
102665
601307
601313
102685
601316
102688
601322
601324
601331
102707
601332
601335
601338
601339
601343
601348
601352
601358
102758
601359
102765
601366
601367
102773
601370
601377
102787
601380
601381
102795
601383
102797
601386
601388
601395
601396
601405
102837
601408
601411
601413
601419
601420
102863
601425
601428
601433
102875
102880
601441
601457
601458
601464
102899
601465
102901
601471
601476
102914
601479
102918
601488
102921
102923
601491
601493
102930
102937
601509
601517
102956
102958
601524
601525
102967
601535
601536
601538
601539
601544
601551
601552
601553
102998
601565
601566
601570
601573
103016
601581
601587
601600
601604
601612
601614
601616
601618
601623
601627
602504
601631
602505
602507
602511
601634
602512
601635
602517
601636
602519
103084
602523
601639
602524
602526
602537
602557
601654
602560
601655
602564
601656
602565
601658
602568
602575
103107
602577
601661
103108
602582
602583
103114
602598
602603
602604
602614
103120
602637
602644
602649
602665
602683
103132
602712
602722
601692
103140
103142
601696
103145
602900
602907
602913
601702
602917
601703
602920
602926
602928
103161
601712
602935
602936
103165
601715
602937
602953
602970
602983
601724
602984
103177
601725
602986
602995
103179
602996
602997
602999
601733
603002
601735
603003
603014
603021
603022
603031
603032
601744
603037
603038
601748
603042
603049
603051
603055
601756
603060
601757
603062
603076
601763
103222
603094
601766
603097
603117
603118
601770
603126
603127
103238
603131
103239
603152
603155
603161
601781
603182
603189
603196
601786
603216
601789
103260
103262
603232
601790
603233
603237
601795
603239
603249
603253
603256
601801
603265
601804
603269
603281
601809
603285
603289
603292
601815
603294
603298
603309
601819
603319
103306
601822
103308
603323
103311
603324
603339
601829
603343
603355
603373
603392
603404
601838
103334
603406
103335
603441
103341
603455
601847
603459
601849
603474
603487
603493
603535
603538
603540
603547
603550
603553
103361
603557
601870
603565
103372
603584
603588
603591
601879
601880
603627
601883
603636
601885
603638
601889
603642
601894
603655
601897
603683
601898
603690
103394
103395
603706
603707
601902
601903
603730
601907
103404
103408
601916
601918
103419
601921
103422
103424
601926
601933
601934
103450
601954
103453
601956
103464
601965
601967
601971
601975
601976
601982
103503
103513
103520
602002
103531
602009
602014
602017
103555
602021
602025
602041
103582
602043
602052
103589
602053
103592
602061
103598
103605
103609
602082
103620
602086
602098
602103
103652
602116
103658
602117
602122
103665
602128
602130
103675
602134
602144
103696
602151
602158
602162
602164
103721
602166
602170
103733
602176
602177
602180
103738
602187
103742
602188
602191
602197
602205
103766
602207
602215
602220
602227
602230
602237
602240
103808
103818
602270
103840
602295
103854
602306
602321
103870
103873
602328
602332
103881
602337
602339
103896
602340
602344
602345
602347
602348
602350
103912
602355
602356
602357
602360
602362
103931
602368
602374
103945
602390
602393
602397
103978
602399
602400
602404
602407
602421
602428
602432
104016
602439
104029
104036
602450
602454
602456
104048
602465
104057
104059
602474
602480
104078
104079
602489
602490
602494
104093
600003
600006
104100
600007
600014
600024
600031
600033
600037
600038
600039
600042
600043
600045
104151
104166
600068
104169
104187
600118
600120
600127
600140
600154
600163
600164
104244
600167
600174
600177
104257
600185
104265
600203
600219
600235
600250
600254
600257
600267
600268
600271
600272
104327
600291
104335
600300
600301
600302
104349
600318
600322
104363
600351
104392
600369
600373
600402
600407
600408
600411
104439
104445
600441
600442
600445
600454
600456
600457
600458
600463
600466
600475
600482
600483
600484
600485
600489
600491
600499
104502
104503
600506
600512
600515
600516
104511
600521
104515
600527
600530
104520
600534
600535
104528
600540
104529
600558
600562
600570
104543
600575
104550
600589
600593
600603
104563
600608
104567
600611
600614
600617
104575
104586
600634
600644
600649
600653
600655
600687
600691
600694
600706
600708
600709
600715
600718
600721
104635
600728
104637
600735
600739
104651
600764
104666
600771
104671
600774
600779
104679
104683
600790
600793
104693
600803
104695
600806
600816
600819
600820
104704
600824
104708
600835
600836
600838
600840
104726
600844
104729
600846
600868
600869
600883
600886
600888
600891
104760
600892
600896
600897
600899
600911
600912
600919
600923
600924
104792
600932
600944
104803
600953
104814
600958
600963
600964
600976
104837
600979
600983
104842
600988
104850
104862
601045
104876
601051
601062
601072
601083
601093
601096
601099
601110
601114
601116
601123
104945
104947
601136
601139
601140
601152
104963
601153
104965
601156
104971
601164
601169
601170
104985
601181
601195
104996
601208
105000
601213
601216
601217
601219
601220
102506
601221
601222
102509
601235
102510
102511
102516
102519
102520
601246
601247
102530
102534
102535
102552
601273
102553
601284
102558
102561
102564
102568
102570
601311
601312
601315
102585
601325
601333
601334
102621
102623
102624
102625
601344
601346
102633
601351
102639
601356
102642
102644
601360
601361
601363
102661
601371
601373
102663
601374
102669
601379
102671
601382
102676
601384
601387
102683
601391
601392
102691
102692
601397
102699
601400
102700
601402
102701
601403
102711
601407
102715
102719
601412
601414
102722
601415
601416
102724
102730
601426
102735
102741
102743
102749
102751
601440
601442
102755
601450
601451
102772
601462
102779
601468
102782
102783
601470
102792
102793
601481
601483
102802
102812
601494
102814
102817
601502
601503
102824
601504
102830
102833
601515
601523
601526
601531
102862
102865
102866
102870
601549
601556
102884
102885
601561
602531
602548
602556
102905
601582
602562
102906
602595
602628
102912
602630
102913
601592
601593
102917
602650
602667
102922
602734
601602
102927
601608
601609
601611
602932
601613
602951
102936
601619
102938
603070
102942
601626
603093
603123
603139
102949
603184
603211
102954
603219
601649
603241
601650
603250
601651
603277
102961
603280
603283
603320
603322
601668
102969
603326
601669
603386
601671
102975
603414
102977
601675
603446
601676
102981
601677
601678
603603
603618
601682
603633
603641
102992
603694
601684
102994
603710
601685
601689
601690
103003
103005
601698
601701
103010
601709
103013
601714
103017
601726
103027
601731
601732
601737
103034
601743
601749
103044
103049
601758
601762
601765
103060
601769
601772
103065
601773
601774
103067
601777
103070
601778
601780
103075
601783
601784
103078
601791
601796
103087
601800
103091
103092
103105
601821
103113
103117
601828
601831
103125
103127
601837
103129
103130
601843
103137
601846
103146
601851
103147
103149
601856
103156
601862
103158
103159
601867
601869
103163
103166
103170
103171
601878
103172
103178
601899
601900
601901
601905
103182
601912
103186
601914
103190
601930
103207
601935
103209
601944
103216
601945
103218
103219
601957
103225
601961
103226
103231
103233
601980
103245
601983
103246
103252
103253
601994
103256
103257
103258
103264
602003
103270
103275
602013
103285
103291
103299
602037
103305
103310
602046
103315
103327
602065
103343
103345
103357
103360
602095
602097
103373
103375
602106
602108
103380
602115
602123
103388
103392
602136
602138
103396
602142
602147
103405
602149
103409
602154
103414
602160
103416
103417
103423
602169
103431
103434
602185
602193
103442
602198
103445
602200
103446
602206
103454
103455
103457
602217
602224
103462
103467
103469
602234
103473
103476
103479
602250
103485
103489
103490
602273
103495
103498
103514
103517
103523
103524
103530
103536
602318
103545
602322
103552
103556
602329
103557
103561
602338
103567
103568
103571
602369
103572
602371
103574
602373
103578
602377
103583
602383
103586
103588
103590
103595
602394
103602
602401
103603
602402
103604
103613
602411
602413
103634
103636
602437
602438
103650
103651
602449
103657
103659
602459
103660
602461
103664
602467
103671
602478
103674
103677
602483
602484
103683
103689
602498
103692
600015
103712
600029
103717
600044
103722
103724
600050
600052
103730
103734
103740
600078
103756
600088
600089
103764
103767
103780
600105
103782
600114
600115
600116
600123
103790
103791
600137
103795
600141
600145
600158
600159
103805
600162
103814
600168
103824
103826
103833
600232
103865
600256
103868
600261
103872
600266
600276
103880
600286
103887
103888
600292
103894
103898
103901
600311
103903
600319
103904
103911
600332
600338
600340
103922
600341
103927
103936
103955
103957
600400
103963
103964
600416
600419
103974
600420
600422
600428
103985
600433
103988
600439
103997
600452
104000
600453
104004
104005
600462
600464
104007
600469
104009
600471
104010
600473
600476
104020
600492
104021
600493
600502
600505
600517
600537
600563
600572
104081
600588
104087
104089
104106
600625
104125
104128
104131
600652
104138
600679
600690
600692
600700
600714
600716
104162
600717
600727
104174
600733
104175
600740
104179
600745
104182
600748
600749
600752
600753
104200
600765
104203
104210
600785
104217
600786
104219
104221
600796
600813
104229
104230
600826
104236
600829
104238
600831
104242
600833
104248
600850
600860
600865
600871
600873
104267
600875
104271
600877
600879
600902
600905
104283
600916
104285
104289
600928
600937
104291
600940
104299
600948
104301
600951
104306
600954
104309
600970
600975
104313
104326
600992
104329
104331
104332
104333
104342
104344
104347
601043
104352
601050
104355
601054
104365
104369
104388
601078
104393
601082
104404
601084
104408
601091
104409
601092
104410
601097
601104
104419
601108
104420
601113
104423
601121
601122
601130
601131
601133
104432
601141
601148
104435
601155
104442
601159
104444
601172
601183
601190
104455
601199
104456
601203
104458
601209
104459
104460
601224
104464
601227
601238
104469
601239
104470
601243
104474
601250
104481
601257
601260
104489
601266
601269
104496
601282
104498
601292
104505
601298
104509
601319
601320
601326
601336
104536
601337
104537
601345
601353
601365
601375
601378
104560
601398
601399
104566
601401
601409
601418
104579
601421
601422
601423
601427
104589
601431
601436
601438
601447
104611
601463
104612
104613
601480
601485
601487
601489
104626
601492
601505
601516
104652
601519
601520
104659
104663
601529
601530
104669
601537
601541
601542
104685
601543
104687
601554
104698
601559
601560
601562
104705
601568
104711
601572
601575
601577
601578
601583
104727
601586
104730
601594
104736
601595
601596
104742
601603
104744
601607
104745
601620
601630
104751
601633
601640
104755
104756
601644
104757
104758
601652
104762
601663
104772
601664
601672
104775
601673
104779
104780
601680
601683
104785
104786
601688
601691
601694
104790
601699
601706
104797
104804
104817
104822
601742
601745
601751
104838
601760
104843
601767
601806
104872
104880
104883
104885
601825
601826
601832
104891
601835
104892
601839
601841
601852
601854
601855
601859
104911
601865
104913
601872
601873
601874
104920
601881
601887
104922
601904
104926
104927
104928
104929
601913
104933
601915
601917
104944
601937
104952
104960
104961
601964
104970
601969
104973
104977
601978
104980
104981
601984
104983
104988
601993
104992
102502
102504
102505
102508
102512
102517
102526
102528
602031
102539
102542
602047
102556
602050
102559
102566
102567
102571
102572
102577
102583
102587
102592
102595
102609
602090
102613
602096
602100
102622
602105
102631
102634
102636
102645
102650
102651
602132
102652
602140
102654
102662
602150
602165
102695
102697
102703
602175
102723
602184
102726
602201
102734
602203
602204
102750
102770
102775
602256
102791
602263
102804
102808
102809
102813
102826
102827
102831
102835
102836
102838
102844
102846
102848
602325
602326
602327
102852
602330
102856
102857
602346
102867
102868
102869
602366
102872
602372
102873
102874
602376
602379
102876
102877
602387
102887
102888
602392
102890
102892
102896
602410
102900
102902
602425
102904
602426
102916
602436
102926
102932
102934
102935
102943
102945
602479
602482
102947
602486
102951
102953
602493
102955
600010
102960
102964
102966
600035
102983
102984
600057
102985
102986
600064
102991
600065
102993
102996
102997
600074
103001
600075
103007
600082
103015
103019
600101
103026
600107
600124
600134
103032
103033
600147
103035
600166
103036
103037
600173
600179
103042
600187
103046
600190
103050
600198
600200
103052
600210
103062
103063
103066
103068
600229
600240
103074
103079
103083
600251
103085
600277
103086
600287
600289
103089
600294
103090
600296
103096
600297
600307
103097
600317
103101
600320
600321
103104
600323
103106
600336
103111
600343
103116
600344
600347
103121
600350
103123
600358
600370
600375
600380
103155
103167
600395
600403
600406
103184
600413
103188
600421
600435
600436
103201
103208
600459
600461
103215
600477
103229
600486
600490
600507
103234
600525
103244
600528
600532
103249
103250
600550
103265
600553
103266
600561
103267
600574
103269
600577
600581
103274
600583
600592
600594
103282
103283
103288
600604
103290
600607
103293
103294
600621
103298
600623
103304
600624
103312
600626
103314
103319
600630
600631
600633
600639
103332
103339
600647
600648
103344
600657
103353
103355
600681
600693
103359
103364
103367
600734
600738
600741
600743
600766
103384
600773
103386
600777
103389
600784
600792
103397
600805
103399
600814
600823
600832
103415
103432
600856
600859
103439
600876
103447
600890
103448
600914
103452
600918
103456
600927
103458
600939
103459
600945
600946
103488
600955
103491
600956
600961
103496
600971
103508
600991
103538
600993
103541
601001
103542
601004
103548
601018
601024
601027
103566
601031
103569
601040
103580
601057
103599
601060
103610
601063
103622
601067
103623
103626
601076
601080
601086
103644
103645
601109
601112
103647
601115
601124
103656
601134
103661
103666
601175
103672
601182
103681
601184
103690
601207
601228
103702
601244
103704
103705
601249
601256
103715
103716
601258
601261
103731
601265
601268
103736
103743
601297
103748
103759
103762
103763
601318
103771
601321
601327
601342
601349
601355
103787
103789
103794
601372
103796
601404
103799
601406
601410
601417
103822
601437
601439
103827
103828
601448
601460
103838
601466
601469
103846
601474
601490
103857
601496
103862
601500
103864
601506
601511
103900
601518
103902
601522
601527
601533
601540
103934
103953
103960
103966
103970
103972
103987
103998
104002
104006
104012
104034
104042
104047
104049
104052
104074
104088
104096
104103
104109
104119
104130
104144
104145
104147
104149
104152
104155
104164
104176
104177
104178
104183
104186
104208
104209
104226
104233
104243
104246
104258
104281
104294
104307
104310
104316
104345
104353
104357
104375
104418
104427
104429
104434
104436
104440
104447
104449
104452
104462
104465
104473
104479
104480
104483
104486
104493
104494
104499
104508
104517
104519
104524
104526
104548
104555
104573
104593
104604
104617
104631
104632
104633
104636
104638
104645
104658
104672
104677
104690
104691
104716
104718
104722
104723
104732
104734
104746
104748
104771
104773
104787
104806
104826
104852
104855
104858
104865
104867
104868
104869
104874
104887
104889
104890
104896
104897
104902
104904
104907
104917
104919
104924
104925
104936
104937
104940
104941
104954
104956
104972
104986
104993
104995
104998
102557
102563
102579
102617
102620
102674
102682
102690
102710
102720
102736
102754
102760
102762
102777
102816
102834
102840
102850
102878
102881
102897
102939
102959
102962
102970
102973
102978
102980
103002
103006
103009
103031
103039
103043
103098
103102
103124
103133
103173
103180
103181
103185
103191
103199
103203
103206
103212
103220
103221
103242
103248
103255
103287
103321
103342
103368
103381
103391
103393
103398
103403
103433
103441
103451
103500
103518
103544
103546
103554
103564
103565
103576
103579
103584
103587
103611
103627
103629
103639
103641
103699
103714
103732
103746
103783
103786
103812
103819
103843
103861
103863
103874
103890
103913
103973
103980
103981
103984
103999
104067
104101
104213
104228
104250
104251
104286
104324
104340
104368
104379
104382
104415
104424
104430
104448
104451
104457
104490
104513
104542
104546
104553
104571
104587
104616
104624
104628
104640
104653
104667
104696
104702
104715
104728
104747
104749
104752
104753
104788
104791
104795
104798
104801
104810
104818
104831
104839
104845
104898
104910
104942
104946
104999
102503
102507
102514
102523
102529
102531
102532
102540
102548
102562
102575
102593
102604
102615
102628
102653
102675
102681
102713
102728
102744
102753
102761
102768
102780
102790
102822
102823
102828
102842
102845
102851
102860
102864
102882
102883
102886
102898
102908
102915
102919
102920
102929
102931
102933
102940
102944
102946
102957
102965
102968
102976
102989
102990
103000
103008
103021
103022
103024
103025
103028
103029
103038
103045
103047
103051
103053
103059
103061
103069
103071
103072
103076
103077
103093
103099
103118
103119
103128
103134
103148
103151
103160
103175
103189
103192
103196
103210
103230
103232
103271
103277
103279
103281
103302
103322
103328
103329
103347
103348
103352
103356
103358
103370
103374
103376
103378
103385
103390
103400
103402
103406
103410
103412
103426
103435
103437
103483
103494
103507
103535
103537
103562
103585
103607
103617
103635
103648
103653
103670
103687
103694
103695
103726
103735
103754
103773
103785
103797
103820
103844
103847
103848
103856
103878
103897
103906
103915
103918
103920
103928
103942
103943
103950
103990
103991
103994
104028
104032
104038
104043
104060
104071
104083
104105
104108
104110
104122
104139
104158
104163
104184
104223
104225
104254
104262
104263
104272
104279
104284
104314
104323
104339
104377
104421
104426
104431
104466
104506
104507
104516
104521
104541
104544
104557
104558
104559
104565
104572
104576
104578
104580
104582
104585
104596
104598
104602
104607
104610
104614
104619
104621
104627
104630
104710
104759
104856
104860
104871
104873
104882
104884
104886
104899
104901
104909
104915
104916
104918
104949
104955
104968
104982
104990
104997
105003
105007
105010
105016
105018
105021
105023
105025
105027
105029
105030
105039
105044
105046
105049
105051
107502
105052
105053
107504
107505
107508
107509
105060
107510
105061
107513
105064
107514
105068
105069
105071
107521
107523
107525
105078
107527
105080
107529
105081
107530
105082
107532
105084
105085
107534
107536
105088
107537
105089
105090
105092
107542
107543
107544
107545
105095
107546
105098
105099
107550
105101
107554
105103
105104
105106
105109
107562
105110
105111
107564
105112
105119
107573
105120
105121
107576
107577
105123
601047
105126
107581
105127
105128
107585
105130
107586
105132
107587
107589
105135
107592
105141
105142
107597
107598
107603
105150
105151
107607
107608
105154
107610
107611
105157
107612
105160
105164
107619
107623
107624
105173
107627
105176
601545
107632
601548
105179
601574
107637
601576
107638
107639
105186
601588
107641
601591
105188
601598
105189
107643
601615
601621
601625
105192
601632
601637
105195
107651
107652
105197
105198
107653
601659
105199
601660
107657
601679
601687
105203
105204
601697
601700
105205
107663
105206
107664
601717
105209
107667
601720
107668
105211
107669
601723
105212
107671
601728
107672
601739
105215
100480
601740
100481
105217
601750
100482
601754
105218
107679
100487
105219
601764
601768
105220
100490
601771
107683
601775
601776
105224
601779
107686
601782
105225
100498
601787
105226
107690
601797
100501
105228
107692
100504
105230
107694
100506
105232
601808
107697
105233
100512
105235
107701
105236
100516
601817
105238
107704
601827
107705
100521
100522
601836
105241
107707
100524
107710
105245
601875
107711
100530
601909
100537
601910
100538
107719
601919
107721
105256
601927
107723
100544
107724
601929
100547
100548
601940
105262
601942
100550
107729
105265
601953
107731
105266
100554
601959
100556
601960
100558
105270
107736
100560
100564
107740
105275
105276
107742
105278
100571
105280
100573
601999
100578
602005
100580
105287
602007
100587
602011
105290
100590
107759
100595
602028
100596
107764
602029
100598
107767
602034
100600
602036
105304
100602
602044
107773
602048
105308
100608
107775
100612
107779
100614
105314
107782
105317
105318
105319
107788
100622
105321
107790
100625
107792
602091
100627
107793
602092
602102
107795
602112
100632
107796
105330
602113
602118
100634
105332
107800
602124
100636
602125
100637
602135
107804
105338
105339
602143
100641
100643
107808
602152
602155
105343
100646
602161
602167
602171
602194
107818
602196
105352
100656
602212
107822
602213
100659
602216
100662
107825
602229
105360
602242
602246
100666
100667
602253
105364
602257
602267
100673
602268
105369
602271
602274
100677
107839
602280
107840
100679
602282
107842
105376
100682
602289
602292
105378
107846
602293
100685
602294
105382
100688
602301
107851
105383
100689
602302
105384
107853
100691
602312
105386
602315
100693
602317
100694
602319
105391
602335
107861
107863
602343
105395
107865
602354
100703
602361
107867
105398
602382
100705
602384
107869
107870
602388
105402
100709
602389
107872
602391
105405
107875
107876
105407
602419
105410
602427
107881
105412
602429
100720
602430
100721
105415
602442
100723
602447
100725
105419
107889
105421
107891
105422
602463
100729
105423
100730
602466
100731
107895
602472
105427
107898
105429
602499
100738
105431
100739
105432
107906
100744
600054
107911
105441
107912
100751
600058
105442
107914
107915
100754
105445
100756
107918
105448
100761
107922
100763
107924
600104
107925
600131
105456
100769
600169
107928
105458
100772
600180
107931
100776
600195
107933
105463
600205
600215
105466
600216
600218
100790
100791
105472
107943
105474
100797
600312
100799
600337
105478
600352
107951
100801
100802
600387
600404
105485
600425
100805
600440
105488
105490
100812
100813
600455
600467
100817
107967
105496
107968
100819
600598
107971
100823
107976
600651
100836
600686
600697
600720
600731
100841
105515
600801
105519
600827
600828
105522
100853
105523
100856
105526
108000
100861
600977
600981
100862
105533
601008
101056
601021
108010
105538
101058
601048
101060
108013
101061
105542
108015
101063
105546
108019
101067
601125
601157
105555
101075
101077
105557
101079
601232
105560
601277
101084
105566
601300
101092
101094
105575
601340
101096
601341
601357
601364
105580
601389
101101
601435
101106
105586
601472
601473
105588
101111
105592
101116
105596
101118
101120
601580
101123
601642
101125
601646
105605
101127
105607
601674
101129
105610
101131
105613
601738
101136
105614
101138
101139
105619
101142
101143
101145
101146
101149
601844
101151
601845
101155
105634
601890
601896
101157
105637
101159
101160
105640
101161
101163
105643
101164
601963
101166
105647
601970
105648
601973
101168
601974
101170
105650
105651
105652
601988
101180
105656
602000
101186
101187
105660
101189
105663
101196
105666
602026
101197
105669
101204
101206
105672
105674
105675
602072
105681
105682
101226
101227
105686
101229
105687
101232
105690
602120
105691
602139
602172
101251
602173
105696
602178
105697
101255
105699
101257
602249
602278
101264
105703
105704
602298
101268
105705
101269
105708
101272
101274
105710
105711
101277
105713
105714
101286
602420
105715
101289
105716
602446
602451
105719
101295
105721
101301
105724
602495
101305
105725
101306
101313
101314
105730
101317
105731
101319
105733
101325
105737
105739
101331
105741
101333
105743
101334
105745
101346
105749
101350
105752
105753
101355
105754
105758
101373
105764
101389
101391
105771
101398
105772
101399
101406
105777
105780
101425
101426
105783
101428
101450
105793
101455
105795
105796
105799
101464
101466
101472
101479
603178
105812
101484
105813
105814
101487
101488
105818
101496
101498
101501
105824
101504
105825
603745
101506
105827
105828
603750
603751
101529
105835
105836
105837
105838
105839
101537
105840
101540
105842
105844
101546
101550
105849
101555
101558
101561
105854
101562
105855
105856
105859
101571
105861
105862
101579
105863
101586
105869
101588
105870
101589
105871
105872
101592
105873
101601
105879
101602
105880
105881
105882
101605
105883
101606
101607
105887
101613
101615
105891
101617
105893
105894
105895
101625
105898
101629
101631
105903
101635
105904
105905
101639
101640
105907
101641
101643
105910
101645
101646
105914
101650
105917
105919
105922
105926
101677
105928
101680
105929
101684
105931
105935
101700
105938
101701
105941
101704
105942
101707
105944
105946
101714
105948
101721
101723
105954
101727
105956
101729
101731
105961
105963
101743
105965
105967
101749
105968
105973
101763
105974
105977
105978
105979
101777
105985
105986
101786
101788
101790
105990
105991
105992
101800
105993
101801
105995
101803
105996
105998
101806
101810
101811
106004
101812
101813
106007
700054
106008
101816
101818
106010
101820
106011
106013
101824
106015
106020
101836
101837
101841
106028
101843
106029
101859
101860
101861
106040
101864
101866
101869
101870
101874
101875
101881
106056
106058
101889
101892
106061
101897
101903
101904
101906
101909
101914
101917
603739
101921
603743
603746
101930
106083
101933
101936
106086
106089
106094
106095
106097
106099
106100
106101
106105
106106
106107
106108
106118
106142
106144
106148
106156
106157
106163
106171
106172
106174
106177
106178
106180
106181
106186
106189
106192
106193
106195
106197
106202
106205
106206
106209
106210
106211
106212
106223
106225
106226
106230
106231
106232
106235
106242
106243
106248
106250
106252
106253
106255
106256
106257
106259
106263
106269
106273
106274
106281
106286
106288
106290
106294
106295
106300
106301
106302
106304
106308
106310
106311
106312
106315
106317
106318
106322
106324
106325
106327
106328
106330
106332
106334
106335
106336
106341
106343
106344
106346
106350
106351
106354
106359
106360
106363
700064
106366
106367
106370
106371
106375
106376
106379
106382
106387
106388
106391
106392
106393
106397
106399
106403
106405
106408
106409
106411
106412
106419
106420
106423
106424
100638
106427
106434
106448
106449
106452
106456
106457
106460
106463
106465
106466
106467
106470
106473
106474
106475
106477
106478
106482
106485
106487
106489
106491
106493
106494
106498
106503
106506
106508
106510
106520
106531
106532
106535
106539
106541
106552
106562
106565
106568
106571
106572
106594
106597
106604
106608
106618
106620
106629
106633
106641
106643
106647
106650
106652
106655
106659
106660
106670
106672
106674
106685
106687
106688
106690
106698
106700
106704
106711
106712
106718
106719
106721
106723
106726
106731
106736
106738
106742
106743
106747
106750
106754
106756
106759
106763
106767
106772
106777
106778
106782
106783
106784
106790
106791
106794
106797
106799
106802
106803
106807
106809
106810
106811
106812
106813
106817
106818
106819
106820
106822
106824
106830
106834
106837
106839
106840
106853
106860
106865
101945
101948
106873
101952
101958
101964
101965
101967
106888
101973
101975
106891
106894
101984
101992
101993
106900
106902
102000
102003
106905
102004
102006
106908
102008
102009
106911
102015
106914
102017
106916
102020
102029
102030
102033
106926
102035
106928
102038
106930
102041
102045
106934
102050
106936
102054
106937
102059
106940
102061
106941
102066
106944
106945
102072
106946
102075
106947
102078
106949
102080
102081
102086
106957
106959
106961
102099
102101
106965
106967
106968
102114
106970
102120
102123
106973
102125
106974
102129
106975
106976
106977
106981
102143
106983
102144
106986
102148
106987
102150
106988
102153
106990
102157
106994
107000
102169
102170
107001
102171
107002
107004
107005
102179
107008
102182
102186
107014
107016
102192
102193
107018
102196
107021
107025
102214
102216
107031
102219
107038
102229
102232
107039
107040
107041
102238
107043
102249
102250
107051
102255
107054
107057
102262
102263
102265
107063
102268
107065
107067
107069
102277
107072
102280
107073
107074
107076
107078
102290
107081
102294
102297
102298
102302
102304
102305
102307
107091
102309
102310
102311
107095
102312
102314
102320
102326
102328
107105
102337
107113
102340
102345
102349
107121
107124
102380
102383
107129
102388
107131
102391
102396
102398
102400
107140
102401
102408
107146
107147
102419
102421
107150
102426
102427
102430
102432
102434
102435
107163
107165
107167
102446
107170
107173
107177
102463
107178
107179
107180
107182
102476
107183
102478
102484
102487
107196
107197
100006
100015
107207
100024
107214
100031
100033
107217
107218
107220
100041
100043
100049
100052
107232
100057
100063
107243
100071
100074
107248
100079
100082
107250
100084
107251
100086
100088
107254
100091
107258
100095
100097
107263
100101
107264
100103
100111
107269
100116
107271
100120
107274
100127
107277
100131
100133
107279
100136
107280
100147
100149
107287
107288
100152
107289
107290
107291
107294
107295
100167
107297
107298
100170
107301
100172
100176
100178
100181
100184
107310
100186
100188
107312
107313
107315
107316
100197
107317
100199
107319
100201
107517
100215
107519
107331
107528
107334
107531
100232
107335
100235
107337
107338
100240
100242
107340
107341
107342
100247
107343
100248
107344
100250
107345
100254
107347
100255
107348
107350
100262
107353
107354
100267
100269
100271
107359
100277
107361
107362
107582
100290
107368
100292
107370
107371
107372
107596
100299
107376
100306
107380
107614
100315
107386
107620
107387
100324
107622
107389
100328
107626
107391
100331
107393
107631
107633
107396
100337
107397
100341
107401
100354
100358
100359
107654
100365
107408
107411
107659
107412
107661
107414
100377
107415
100379
107416
100381
107418
107675
100391
107420
100398
107424
107685
100403
107427
107428
100409
100410
107693
100424
107435
107699
107436
107700
107438
107706
107442
100436
100440
107446
107448
100445
107725
107453
107454
107456
100457
107737
107458
107459
100461
107743
107463
107745
100474
107747
100477
107468
100479
107469
107751
107753
107473
107475
100497
107476
100503
107762
100509
100511
107484
107485
107771
107487
100523
107491
107780
107492
100533
107494
107496
107787
100543
100549
100551
100555
107802
107803
100566
107805
100579
105020
100581
107815
100583
100588
107817
100591
100592
107823
107829
100607
105041
105043
100615
105054
100623
105056
100626
100630
105062
107850
100633
105065
100645
107862
105076
107871
105083
100658
100661
100663
100664
105097
100684
100687
105117
100692
105118
100696
107910
100702
100704
107917
100707
107920
107923
105147
100715
100717
105153
105158
100728
100732
105163
100736
107947
105168
100742
100743
100745
105174
100747
107957
100752
100757
107961
100758
107962
100760
100764
100768
105194
100778
100780
105207
100783
100786
105213
107982
100787
105221
100798
105227
100800
100810
100814
108003
100827
100833
100834
100840
100842
105267
100845
100851
100859
100860
100863
100864
105296
101059
101062
105301
105302
101068
101073
101076
101081
101085
101091
101095
105334
101097
101098
101099
105340
101100
101102
101103
101105
101107
105351
101110
101113
105356
101122
101124
101126
101132
101134
101137
105375
101141
101144
105379
101148
101150
101154
101158
101162
101165
101178
101185
101188
101190
101195
101199
101202
101203
101208
101209
101212
101216
101220
101221
101222
101224
101239
101241
101246
101252
101253
101258
101271
101275
105471
101288
101291
101294
101304
101320
105486
101327
105492
101332
101336
101338
101339
101347
101348
101352
101356
101369
101374
101382
101385
101386
105517
101390
101395
101403
101409
101411
101414
101427
101442
101445
101452
105550
101462
101465
105554
101491
101493
101500
101513
101525
105582
101532
101542
101543
105597
101552
101554
101563
105602
101568
101570
105606
105608
105611
101585
105617
101595
101604
101610
101614
101616
101622
101623
105644
101652
101653
105655
101657
101660
101661
101672
105668
101683
105673
101686
105677
101693
101694
101706
101710
105692
101711
101717
101725
101726
105712
101734
101740
101745
101747
105723
101751
101753
101754
101758
101761
101764
101766
101770
105746
101774
101776
101781
101784
101785
101787
101797
101802
105770
101809
101814
101815
101819
101825
101827
101828
101834
101838
101842
101846
101853
101858
101865
105809
105810
101882
105815
101887
101891
105821
101898
101905
105830
101910
101916
105833
105834
101932
105847
101944
101946
101957
101959
105874
101971
102005
102010
102022
102027
105923
102058
105925
102083
102089
105940
102092
102094
102097
102098
105955
102107
102112
102133
105970
102142
102145
105984
105987
102154
102158
102159
102166
106005
102175
102177
102185
102209
102210
102213
102222
102223
102224
102227
102237
106046
102240
102246
102247
102252
102253
102257
106062
102261
102276
106077
102293
102308
102316
102318
102324
102330
102333
102336
102341
102344
102346
102358
102361
102374
102382
102387
106125
102393
102418
106133
102422
102423
102425
102429
102438
102441
102443
106151
102450
102451
102453
102454
106158
102457
102465
102471
102472
106167
102475
106175
102488
102493
102495
102499
100003
100007
100014
100016
106213
100023
100028
100032
100034
100045
106228
100047
100051
100059
100060
100062
106244
100066
106246
106249
100077
100087
100089
106260
100090
100094
106264
100100
106267
100104
106268
106271
100118
100130
100137
106280
100139
100144
100148
106284
106293
100164
100165
100168
100171
100182
100190
100191
106319
100196
100200
100207
100208
106339
100221
100224
106349
100226
100229
106355
100246
100258
106362
100265
100266
100268
100274
106377
100280
106378
100289
100295
100298
100300
100305
100313
100316
100317
100319
106416
100322
100329
106422
100333
100353
100368
100371
106441
106444
100390
100396
100399
100400
106453
106459
100423
100426
106462
100429
100432
106471
100434
100435
100438
106481
100441
100444
100446
100448
106497
100451
106500
100465
100468
100486
100493
100510
100515
106530
100535
100541
100542
106545
100552
100568
100570
100572
100582
100611
100616
100618
100619
100631
100635
100647
100649
100650
100651
106590
100653
100655
106596
100665
100697
100698
100708
100713
100714
100718
100734
100735
100741
100748
100750
100759
100762
106662
100793
100803
100807
106677
100837
100844
106691
106694
101072
106714
101087
101089
101108
101109
101112
101115
101119
101121
101133
101135
101147
101152
101153
101156
106758
101167
101172
101218
101231
101240
101254
101279
106793
106798
106828
101410
101436
106841
101461
101470
101471
101475
101476
101489
101510
101512
101514
101528
101535
101536
101541
101559
106878
101566
101569
101573
101580
101581
101587
106890
101594
101599
101612
106901
101620
101638
101644
106919
101666
101667
101689
101691
106931
101765
101804
101826
101832
106972
101833
106979
101850
106989
106991
101884
106996
101895
106998
107020
107023
101972
101978
101981
101985
107034
107036
102011
107037
102014
102019
102021
102024
107048
107050
102047
102052
102056
102060
107060
107066
102100
102103
107080
102111
102130
102135
102138
102147
102152
102165
102172
107104
102218
102239
102251
102258
107130
102260
102271
102273
102284
102292
102327
102335
102338
102410
102445
102455
107185
102459
102474
102481
107189
102482
102496
102497
100002
100004
100011
100013
100018
100020
100026
100029
100038
100040
100046
100048
100055
100058
100067
100069
100073
100078
100099
107231
100105
100109
100113
100123
107237
100125
100138
100154
100157
100158
100160
100162
100169
100174
100183
100195
100206
100209
100211
107266
100217
100218
100223
100225
100234
100237
100245
100252
100260
107283
100264
100275
100279
100281
100287
107300
100294
100296
100302
107304
100303
100308
100314
107309
100321
100326
100332
100344
100346
100349
107324
100352
100356
100367
100369
107329
100372
100384
100389
107336
100395
100397
100404
100417
100427
107360
107363
100437
100442
100443
100447
100449
100450
100452
100455
100459
107379
100462
100466
107382
100470
107384
100476
100489
100492
100494
100495
100500
100507
107403
100513
100518
100520
100525
100528
100529
100531
100536
107422
100540
107423
100561
100567
100574
100576
100594
100597
100599
100601
100603
100605
100609
100613
100617
100620
100621
100640
100644
100648
107464
100654
100668
100670
100672
100674
100675
100678
100681
107482
100686
100690
100695
100699
100701
100710
100711
100712
100716
100719
100722
105004
100724
105006
100726
100727
105009
100740
105012
100753
100766
105014
100770
100773
100777
105019
105022
100781
100789
100792
100794
100804
100808
100816
100818
100820
105038
100822
105040
100824
100832
105045
100835
100838
105050
100846
100849
105057
100850
100852
105063
100855
100857
105067
105072
101047
105073
101057
101065
105079
101066
101069
105087
105091
101071
105093
101074
101078
101080
101082
101083
101086
101088
101090
105116
101093
105122
101104
101114
105125
101117
101128
105131
101130
101140
101174
105136
101184
101193
105139
101194
105140
105143
101223
101230
105146
101242
101263
101265
105155
101267
105156
101276
101290
101297
105162
101298
105166
101308
101318
105167
101321
105169
101329
101354
105178
101364
105180
101365
105181
101378
105182
101383
101396
105185
101402
101435
105191
101439
101443
101451
105202
101459
101460
101467
105222
101485
101486
105231
101502
105237
101505
101519
101527
101530
101534
101547
105247
101549
101583
101591
105252
101598
101600
105255
101603
101608
101619
105261
101626
101630
101647
101648
105269
101651
101655
101671
101673
105277
101682
101690
105281
101702
105283
101703
105284
101712
101716
101722
101724
101728
105292
101733
105293
101739
101750
105295
101767
101773
101775
101782
101793
101805
101807
105309
101821
101822
101840
101847
101855
101856
101862
101867
101873
101876
101878
105331
101888
101901
101907
101920
101922
101924
105344
101929
101937
101939
105348
101941
101949
101951
105354
101954
105355
101962
101968
105359
101969
101974
101976
101980
101991
101996
105368
101999
102002
102018
102034
102037
105377
102039
102042
102062
102064
105388
102067
102082
105393
102085
102090
102102
102106
102109
102136
102137
102140
102141
102151
102160
102164
102167
102168
105424
102173
102178
102180
102189
105434
102190
102191
102195
102198
102200
105440
102203
102212
102215
102221
102225
102233
102243
105454
102248
102259
102264
102266
105461
102267
102269
102272
102274
102282
102283
102285
102286
102289
102303
102339
102354
105483
102384
105484
102404
102412
102414
102431
102433
102439
102442
105501
102448
102466
102483
102485
102491
105509
105512
105513
105514
105527
105529
107503
107506
107507
107511
107512
105537
107516
105544
105547
107538
105551
105552
107547
107548
105559
107552
105561
107555
107559
105568
107560
105570
107563
107566
105573
105574
107571
107572
107574
107575
107578
105585
107579
107580
105590
107583
105593
107588
107590
