100001
100002
100003
100004
100005
100006
100007
100008
100009
100010
100011
100012
100013
100021
100029
100031
100042
100046
100057
100061
100063
100076
100077
100087
100095
100073
100014
100017
100020
100025
100027
100034
100035
100036
100039
100040
100047
100048
100051
100053
100054
100056
100058
100065
100069
100074
100078
100090
100092
100097
100016
100018
100023
100028
100030
100037
100041
100049
100055
100062
100067
100068
100079
100082
100085
100088
100089
100091
100096
100098
100100
100024
100032
100080
100084
100015
100019
100022
100026
100033
100043
100052
100059
100060
100070
100075
100083
100094
100101
100103
100108
100110
100120
100121
100123
100126
100130
100131
100138
100152
100153
100155
100178
100200
100202
100220
100221
100230
100238
100242
100254
100262
100263
100280
100282
100285
100286
100298
100299
100320
100332
100334
100342
100356
100362
100363
100384
100391
100393
100399
100408
100411
100413
100415
100419
100422
100425
100433
100435
100441
100444
100449
100454
100474
100477
100484
100518
100530
100545
100563
100565
100568
100590
100591
100597
100599
100618
100650
100653
100657
100659
100661
100671
100677
100679
100682
100692
100701
100709
100717
100727
100738
100744
100746
100749
100750
100754
100758
100764
100767
100785
100790
100817
100819
100825
100828
100829
100850
100853
100856
100860
100862
100885
100894
100917
100943
100947
100956
100958
100960
100964
100970
100972
100977
100982
100985
100992
101004
101011
101016
101022
101023
101026
101032
101035
101039
101052
101063
101065
101068
101072
101073
101075
101076
101079
101083
101084
101086
101093
101106
101111
101116
101118
101123
101132
101133
101141
101148
101149
101153
101159
101163
101169
101186
101193
101228
101229
101235
101249
101252
101269
101273
101276
101280
101289
101292
101322
101326
101334
101352
101358
101373
101380
101396
101404
101417
101420
101422
101431
101434
101436
101440
101450
101455
101459
101484
101502
101525
101529
101532
101537
101541
101548
101557
101560
101563
101576
101581
101584
101587
101595
101597
101602
101610
101617
101620
101630
101637
101670
101671
101687
101690
101701
101708
101717
101734
101754
101755
101763
101784
101790
101792
101800
101804
101809
101811
101813
101817
101833
101837
101845
101861
101863
101879
101883
101900
101907
101911
101913
101917
101920
101930
101937
101941
101950
101951
101953
101955
101956
101966
101970
101974
101977
101981
101982
101995
101997
102010
102017
102023
102032
102037
102040
102044
102054
102058
102077
102078
102080
102090
102094
102097
102105
102122
102126
102131
102165
102167
102186
102196
102202
102207
102208
102213
102214
102217
102229
102230
102238
102242
102244
102245
102252
102255
102265
102292
102296
102300
102304
102305
102307
102319
102323
102324
102330
102334
102337
102342
102346
102347
102349
102365
102381
102385
102393
102411
102414
102420
102422
102433
102436
102438
102439
102442
102465
102469
102470
102475
102476
102485
102486
102489
102490
102497
102501
102502
102512
102515
102521
102526
102527
102530
102532
102535
102538
102544
102550
102551
102555
102556
102558
102568
102572
102576
102579
102582
102585
102588
102596
102601
102608
102609
102619
102631
102639
102648
102649
102654
102656
102660
102663
102669
102684
102700
102708
102713
102722
102734
102746
102755
102766
102768
102775
102778
102783
102792
102798
102800
102802
102805
102806
102810
102811
102821
102828
102829
102835
102843
102849
102858
102859
102860
102863
102868
102872
102885
102890
102894
102900
102910
102915
102922
102924
102925
102948
102954
102959
102961
102965
102970
102977
102978
102991
102995
103000
103004
103006
103010
103013
103016
103027
103035
103048
103062
103070
103071
103073
103080
103084
103089
103091
103099
103100
103102
103112
103114
103115
103131
103135
103142
103151
103156
103163
103174
103182
103196
103200
103203
103215
103221
103223
103235
103236
103241
103250
103263
103267
103272
103277
103281
103282
103285
103286
103291
103295
103299
103302
103305
103310
103316
103319
103324
103326
103334
103345
103349
103354
103356
103360
103365
103372
103381
103384
103385
103417
103423
103434
103442
103446
103448
103451
103468
103472
103474
103477
103482
103491
103492
103503
103504
103512
103517
103518
103526
103533
103538
103540
103541
103550
103554
103564
103570
103573
103575
103581
103583
103584
103588
103589
103594
103596
103600
103603
103622
103640
103641
103653
103660
103665
103668
103676
103680
103682
103710
103714
103721
103730
103743
103752
103761
103766
103773
103780
103781
103787
103790
103793
103797
103810
103814
103816
103820
103822
103823
103826
103831
103833
103835
103839
103840
103843
103849
103851
103853
103854
103858
103864
103871
103873
103875
103876
103878
103883
103884
103896
103902
103903
103906
103911
103917
103923
103924
103928
103936
103940
103943
103945
103955
103960
103961
103964
103971
103972
103985
103986
103994
103997
104000
104010
104016
104020
104022
104024
104026
104030
104038
104042
104048
104051
104052
104055
104063
104069
104075
104076
104081
104085
104087
104096
104099
104108
104110
104112
104126
104134
104142
104145
104147
104148
104150
104158
104164
104166
104169
104173
104175
104180
104183
104187
104189
104198
104204
104207
104214
104217
104225
104243
104246
104248
104250
104257
104267
104270
104272
104274
104282
104290
104307
104310
104330
104333
104346
104350
104351
104359
104360
104370
104375
104378
104380
104383
104385
104394
104398
104401
104407
104422
104425
104426
104428
104429
104430
104449
104453
104455
104457
104460
104463
104470
104474
104476
104478
104481
104490
104495
104503
104506
104508
104522
104529
104533
104534
104540
104547
104549
104556
104559
104560
104563
104565
104566
104569
104580
104581
104582
104591
104599
104601
104613
104614
104618
104622
104624
104635
104639
104640
104646
104649
104650
104661
104663
104679
104681
104685
104690
104692
104704
104714
104715
104722
104725
104731
104741
104752
104756
104758
104771
104775
104781
104783
104790
104793
104796
104797
104806
104809
104826
104835
104838
104842
104845
104850
104851
104856
104860
104865
104871
104873
104882
104884
104888
104904
104907
104914
104916
104920
104921
104925
104934
104942
104944
104950
104954
104956
104963
104964
104967
104968
104976
104980
104982
104983
104985
104991
104996
104997
105008
105011
105014
105015
105027
105029
105034
105036
105037
105047
105052
105053
105059
105064
105067
105069
105073
105083
105086
105102
105105
105107
105111
105114
105116
105121
105122
105125
105129
105130
105131
105138
105141
105157
105158
105159
105161
105162
105169
105170
105173
105175
105180
105181
105183
105195
105213
105226
105227
105230
105235
105236
105239
105250
105252
105255
105260
105266
105272
105273
105275
105277
105278
105282
105283
105287
105297
105299
105304
105309
105314
105320
105321
105323
105329
105332
105333
105350
105354
105358
105360
105362
105372
105377
105378
105380
105381
105383
105389
105394
105398
105400
105402
105407
105415
105421
105422
105426
105434
105437
105438
105443
105444
105458
105467
105468
105472
105474
105483
105487
105488
105491
105498
105509
105512
105514
105517
105521
105522
105525
105528
105532
105533
105536
105546
105548
105554
105556
105559
105563
105566
105569
105570
105577
105583
105585
105586
105594
105602
105612
105616
105617
105621
105622
105623
105624
105626
105627
105628
105632
105634
105641
105643
105645
105658
105659
105660
105663
105664
105666
105667
105668
105670
105671
105674
105675
105685
105692
105693
105697
105702
105705
105707
105709
105710
105714
105717
105720
105721
105722
105723
105725
105726
105727
105729
105732
105737
105738
105748
105750
105751
105753
105755
105756
105757
105763
105768
105769
105778
105781
105782
105788
105791
105793
105800
105801
105802
105808
105810
105811
105813
105816
105818
105819
105822
105823
105825
105828
105829
105834
105856
105857
105860
105882
105915
105918
105937
105957
105962
105966
105968
105986
105992
105996
105998
106008
106009
106017
106020
106021
106031
106033
106040
106047
106050
106051
106053
106054
106055
106056
106058
106062
106063
106068
106069
106070
106077
106078
106080
106085
106089
106092
106099
106108
106109
106110
106111
106113
106118
106119
106120
106128
106129
106133
106134
106136
106144
106145
106150
106152
106154
106156
106157
106158
106164
106166
106169
106171
106179
106180
106182
106185
106187
106188
106189
106194
106195
106196
106207
106208
106211
106222
106225
106230
106236
106237
106238
106239
106241
106243
106244
106247
106252
106254
106256
106258
106260
106261
106266
106269
106271
106272
106283
106284
106288
106290
106291
106294
106296
106298
106302
106304
106305
106308
106315
106321
106325
106327
106328
106330
106331
106333
106338
106339
106340
106341
106342
106349
106350
106351
106354
106355
106365
106366
106368
106373
106374
106375
106376
106382
106384
106388
106389
106391
106401
106405
106406
106413
106425
106427
106432
106435
106437
106452
106459
106480
106481
106486
106491
106498
106505
106509
106523
106527
106531
106532
106534
106539
106544
106554
106556
106560
106561
106562
106563
106564
106570
106572
106575
106580
106583
106585
106592
106593
106595
106596
106597
106605
106609
106610
106613
106614
106620
106647
106653
106661
106708
106713
106720
106724
106725
106737
106741
106748
106751
106755
106759
106766
106776
106778
106780
106784
106785
106805
106806
106820
106825
106827
106832
106836
106837
106843
106851
106859
106862
106866
106868
106874
106876
106886
106889
106891
106893
106894
106898
106900
106903
106906
106909
106916
106926
106928
106935
106937
106945
106950
106955
106959
106960
106963
106964
106968
106969
106974
106978
106982
106985
106991
106998
107009
107017
107020
107021
107024
107025
107027
107031
107040
107045
107050
107052
107053
107054
107056
107058
107061
107062
107063
107087
107095
107098
107100
107102
107103
107104
107109
107115
107120
107124
107125
107128
107129
107136
107139
107143
107146
107147
107162
107163
107167
107174
107225
107238
107243
107252
107254
107255
107260
107265
107267
107282
107292
107313
107316
107325
107328
107337
107344
107351
107354
107361
107363
107366
107372
107374
107378
107380
107388
107390
107393
107395
107397
107400
107401
107407
107408
107409
107410
107414
107415
107418
107420
107421
107422
107424
107427
107429
107435
107436
107445
107447
107449
107451
107453
107454
107455
107459
107462
107464
107486
107497
107500
107507
107513
107516
107518
107520
107524
107525
107534
107535
107541
107543
107548
107550
107551
107556
107562
107566
107569
107571
107572
107573
107574
107577
107579
107583
107588
107600
107615
107617
107625
107626
107638
107644
107647
107648
107655
107657
107660
107667
107676
107679
107681
107688
107691
107698
107705
107707
107714
107720
107727
107731
107732
107752
107753
107756
107758
107761
107765
107768
107769
107772
107773
107777
107778
107782
107784
107785
107788
107791
107802
107807
107809
107814
107816
107821
107822
107825
107826
107829
107830
107831
107837
107840
107841
107843
107845
107846
107848
107856
107857
107858
107865
107866
107875
107876
107877
107885
107886
107895
107898
107906
107907
107908
107910
107911
107915
107921
107922
107925
107929
107931
107938
107942
107950
107951
107955
107960
107963
107964
107969
107974
107975
107982
107991
107997
108004
108009
108010
108014
108021
108023
108028
108029
108044
108046
108049
108057
108060
108069
108071
108098
108102
108107
108108
108114
108116
108124
108126
108127
108128
108129
108131
108135
108140
108142
108144
108148
108149
108155
108157
108162
108163
108164
108171
108173
108174
108176
108183
108184
108188
108200
108202
108204
108210
108212
108214
108220
108223
108226
108228
108234
108238
108251
108260
108267
108269
108272
108275
108276
108277
108283
108289
108303
108304
108313
108315
108322
108334
108338
108339
108340
108342
108347
108351
108352
108354
108356
108357
108364
108366
108367
108370
108372
108373
108376
108377
108380
108382
108384
108385
108388
108389
108392
108397
108400
108402
108409
108410
108411
108414
108417
108424
108426
108429
108430
108433
108434
108439
108440
108443
108444
108446
108448
108451
108453
108459
108461
108467
108468
108473
108475
108479
108484
108487
108493
108498
108500
108504
108506
108508
108510
108512
108513
108515
108518
108525
108527
108529
108532
108535
108539
108545
108553
108556
108570
108576
108577
108579
108580
108582
108584
108587
108588
108589
108591
108594
108598
108606
108611
108613
108615
108616
108618
108620
108623
108624
108625
108626
108627
108628
108629
108630
108634
108637
108638
108639
108642
108646
108651
108653
108654
108655
108656
108657
108679
108681
108682
108688
108689
108690
108692
108697
108698
108701
108707
108714
108717
108723
108728
108734
108737
108738
108740
108743
108745
108754
108757
108758
108760
108764
108774
108775
108778
108779
108780
108786
108788
108792
108793
108798
108802
108803
108804
108805
108810
108812
108816
108819
108820
108823
108825
108827
108828
108834
108836
108840
108843
108845
108846
108848
108849
108850
108852
108853
108854
108856
108858
108859
108862
108874
108875
108876
108877
108886
108892
108895
108897
108899
108900
108904
108907
108908
108912
108913
108916
108917
108920
108924
108933
108965
108967
108973
108977
108978
108980
108985
108992
108994
108996
109002
109003
109008
109011
109013
109014
109016
109019
109022
109024
109029
109031
109033
109038
109042
109043
109047
109051
109054
109059
109064
109067
109069
109070
109072
109074
109077
109083
109086
109089
109095
109098
109099
109101
109102
109105
109108
109109
109112
109114
109116
109118
109121
109123
109125
109127
109130
109131
109134
109135
109136
109139
109142
109144
109146
109149
109151
109153
109154
109156
109157
109164
109166
109167
109170
109172
109173
109174
109175
109178
109179
109184
109185
109187
109188
109192
109194
109197
109199
109200
109202
109203
109205
109206
109207
109209
109211
109212
109215
109216
109217
109220
109221
109223
109224
109226
109227
109228
109233
109234
109235
109237
109238
109239
109242
109243
109245
109251
109253
109254
109256
109259
109260
109261
109263
109265
109266
109269
109270
109271
109272
109273
109274
109280
109281
109282
109283
109284
109287
109288
109289
109290
109291
109292
109293
109295
109296
109300
109301
109302
109306
109307
109308
109309
109311
109314
109315
109316
109317
109319
109324
109327
109328
109329
109331
109332
109333
109336
109337
109341
109345
109353
109354
109361
109365
109368
109373
109377
109387
109389
109397
109399
109401
109407
109409
109410
109413
109418
109422
109424
109428
109430
109434
109439
109440
109445
109449
109450
109451
109452
109458
109459
109461
109462
109463
109467
109468
109471
109473
109475
109477
109480
109485
109487
109489
109491
109492
109496
109497
109499
109501
109503
109505
109506
109510
109511
109513
109516
109526
109530
109532
109533
109534
109535
109538
109539
109552
109555
109557
109560
109561
109563
109566
109577
109579
109580
109581
109582
109583
109593
109595
109596
109597
109599
109600
109602
109611
109612
109613
109615
109618
109620
109621
109625
109628
109629
109630
109633
109637
109639
109645
109651
109657
109658
109659
109670
109672
109675
109682
109691
109695
109696
109698
109699
109710
109716
109717
109723
109725
109726
109730
109734
109737
109738
109740
109752
109784
109788
109789
109800
109801
109802
109803
109808
109818
109822
109824
109827
109828
109832
109836
109840
109844
109847
109849
109855
109857
109858
109862
109864
109867
109872
109874
109875
109878
109879
109882
109885
109888
109890
109892
109893
109896
109897
109905
109910
109911
109912
109913
109916
109917
109921
109923
109925
109936
109937
109938
109939
109944
109945
109946
109947
109950
109951
109952
109953
109958
109959
109961
109964
109966
109969
109971
109973
109974
109977
109979
109981
109982
109986
109990
109994
109998
110008
110011
110018
110019
110020
110024
110026
110029
110031
110033
110034
110037
110039
110044
110050
110053
110055
110060
110063
110068
110070
110074
110078
110082
110116
110120
110127
110128
110129
110133
110135
110148
110153
110154
110157
110162
110163
110167
110171
110175
110180
110182
110185
110187
110189
110194
110196
110203
110204
110206
110207
110211
110215
110217
110219
110224
110225
110226
110229
110231
110233
110235
110236
110237
110239
110242
110244
110247
110248
110251
110252
110253
110254
110255
110256
110257
110258
110259
110264
110266
110268
110269
110270
110273
110275
110280
110284
110289
110296
110305
110317
110319
110322
110324
110325
110327
110328
110338
110341
110345
110361
110362
110368
110374
110375
110389
110395
110398
110412
110415
110420
110430
110431
110432
110441
110444
110453
110455
110460
110461
110468
110469
110470
110475
110476
110479
110480
110482
110484
110486
110488
110493
110496
110498
110502
110505
110508
110512
110513
110514
110515
110516
110520
110521
110522
110523
110526
110528
110530
110531
110533
110534
110535
110536
110539
110543
110544
110545
110546
110547
110549
110551
110552
110553
110555
110558
110568
110572
110577
110580
110581
110583
110586
110590
110591
110596
110598
110604
110606
110607
110608
110615
110616
110618
110619
110620
110621
110623
110624
110626
110627
110633
110634
110636
110639
110642
110643
110644
110646
110647
110648
110650
110651
110653
110654
110657
110661
110663
110664
110675
110679
110681
110686
110689
110692
110693
110694
110697
110699
110700
110703
110706
110711
110712
110717
110720
110721
110724
110726
110727
110728
110729
110732
110733
110735
110736
110738
110741
110744
110745
110747
110750
110752
110754
110756
110757
110758
110759
110760
110799
110820
110821
110825
110826
110827
110828
110831
110832
110833
110839
110841
110843
110847
110848
110850
110853
110856
110868
110872
110874
110875
110879
110881
110889
110890
110893
110895
110898
110899
110900
110901
110902
110903
110916
110920
110921
110922
110923
110925
110926
110927
110928
110929
110932
110933
110934
110937
110938
110940
110944
110953
110954
110956
110957
110960
110961
110962
110966
110967
110969
110971
110972
110973
110977
110978
110980
110982
110984
110986
110991
110993
110994
110996
110999
111004
111006
111008
111012
111033
111037
111038
111041
111042
111046
111050
111056
111058
111063
111070
111073
111077
111078
111080
111084
111085
111090
111093
111095
111099
111100
111102
111107
111115
111116
111118
111120
111123
111124
111128
111131
111132
111133
111134
111135
111137
111140
111142
111144
111149
111153
111154
111156
111159
111160
111162
111163
111164
111168
111169
111171
111172
111174
111175
111177
111180
111183
111184
111185
111186
111187
111189
111191
111193
111194
111196
111197
111199
111200
111203
111204
111211
111216
111217
111220
111222
111223
111231
111247
111248
111249
111253
111255
111256
111261
111266
111267
111268
111272
111275
111278
111280
111285
111286
111287
111288
111292
111299
111302
111304
111311
111314
111318
111319
111321
111325
111326
111327
111329
111334
111345
111350
111361
111364
111374
111375
111380
111385
111386
111387
111388
111392
111394
111397
111401
111406
111407
111411
111414
111420
111422
111425
111428
111429
111432
111434
100219
100260
100421
100472
100564
100572
100583
100593
100639
100730
100770
100792
100809
100880
100886
100946
100965
100987
101107
101182
101246
101251
101258
101264
101271
101306
101328
101392
101409
101466
101493
101659
101760
101827
101882
101978
102102
102124
102143
102209
102283
102321
102380
102398
102402
102452
102460
102472
102473
102483
102492
102503
102517
102637
102686
102715
102747
102753
102760
102777
102838
102848
102864
102867
102974
103065
103072
103101
103180
103186
103249
103255
103287
103301
103325
103331
103401
103464
103479
103529
103607
103623
103657
103669
103672
103693
103749
103777
103785
103809
103982
104027
104035
104045
104072
104093
104160
104167
104176
104186
104199
104220
104271
104304
104312
104315
104320
104324
104325
104331
104335
104341
104352
104384
104395
104413
104420
104424
104493
104526
104555
104619
104628
104636
104653
104669
104672
104676
104691
104720
104732
104734
104742
104755
104861
104876
104919
104949
105018
105039
105080
105088
105101
105103
105126
105156
105203
105214
105216
105219
105229
105264
105288
105289
105317
105336
105344
105348
105363
105371
105399
105447
105448
105456
105475
105503
105523
105540
105542
105545
105549
105555
105565
105572
105575
105581
105615
105653
105669
105694
105783
105803
105841
105850
105852
105853
105866
105867
105870
105874
105888
105892
105895
105919
105920
105921
105928
105930
105932
105935
105942
105961
105975
106025
106064
106066
106082
106087
106104
106138
106140
106176
106193
106250
106279
106282
106324
106346
106409
106423
106424
106444
106455
106461
106468
106474
106502
106515
106516
106600
106615
106628
106629
106642
106650
106655
106719
106723
106727
106740
106746
106750
106752
106760
106761
106781
106908
106921
106932
106952
106953
106972
106975
106977
106980
106983
106986
106992
107005
107010
107018
107019
107023
107036
107065
107069
107070
107105
107114
107122
107173
107184
107185
107187
107216
107241
107248
107273
107310
107320
107338
107358
107367
107373
107379
107381
107387
107431
107439
107452
107457
107463
107470
107473
107552
107554
107561
107563
107570
107576
107611
107640
107675
107682
107695
107709
107737
107745
107748
107751
107804
107810
107817
107824
107827
107860
107864
107879
107888
107899
107901
107904
107909
107914
107917
107919
107923
107927
107930
107952
108001
108024
108045
108056
108058
108092
108103
108105
108139
108165
108179
108189
108206
108207
108247
108255
108258
108266
108268
108271
108285
108295
108327
108337
108343
108353
108361
108413
108447
108452
108457
108494
108540
108549
108552
108595
108597
108633
108644
108647
108669
108677
108687
108699
108706
108715
108726
108732
108750
108753
108765
108769
108772
108797
108807
108841
108884
108890
108898
108901
108926
108934
108937
108942
108945
108946
108947
108968
108970
108972
108974
108975
108982
108988
108989
108993
108995
108998
109000
109001
109009
109015
109018
109028
109030
109034
109039
109041
109044
109049
109050
109056
109058
109063
109066
109068
109071
109076
109080
109082
109088
109097
109100
109110
109126
109128
109137
109155
109158
109163
109165
109171
109189
109191
109210
109219
109244
109262
109275
109313
109320
109325
109326
109334
109358
109394
109406
109426
109444
109448
109455
109519
109528
109550
109554
109556
109562
109576
109619
109647
109655
109665
109669
109671
109676
109697
109704
109728
109741
109810
109821
109833
109843
109851
109891
109904
109931
109935
109942
109949
109956
109960
109968
109976
109995
110047
110061
110062
110067
110075
110085
110089
110092
110093
110094
110101
110108
110111
110112
110114
110119
110131
110158
110190
110198
110221
110234
110277
110282
110295
110309
110311
110316
110318
110335
110359
110364
110366
110377
110378
110379
110383
110386
110393
110397
110401
110405
110414
110421
110440
110447
110462
110463
110474
110518
110525
110548
110560
110563
110575
110595
110603
110630
110635
110662
110687
110704
110714
110725
110768
110897
110908
110910
110911
110930
110945
110947
110949
500002
110951
110964
500026
500028
500031
111007
500033
500039
500042
