110191
112587
119497
112858
112952
121772
119497
127156
115568
136347
120460
120751
138727
139515
124471
125288
128092
129405
134862
120127
120511
136506
122257
122817
138268
131105
127680
128486
129259
134010
129851
122063
122374
122585
126413
134940
135434
138047
130156
127849
141775
141033
144988
140080
142556
139193
116049
116276
117231
114814
116990
113789
114339
113684
113731
115252
116149
128914
129384
116953
112823
113847
114408
112864
113668
110657
111156
111705
129004
119095
129004
126916
129174
129485
113689
125414
125956
126011
124020
120429
121198
126085
115623
117377
124951
118971
116130
119729
123120
124062
124795
115893
103775
104484
100137
101897
108963
134862
131105
101006
134010
108482
134940
130156
136347
138727
139515
136506
134701
138268
109562
