101753
102160
103859
104190
107354
116973
118906
121161
121455
121560
121758
121944
122074
122190
123971
124180
124328
124498
124615
124969
125187
125260
125281
125383
125438
125499
125556
125617
125796
125902
125969
126034
126153
126184
126280
126311
126394
126439
126451
126475
126515
126561
126589
126697
126763
126800
126834
126895
126925
127024
127101
127132
127164
127168
127197
127271
127301
127323
127384
127437
127482
127799
127909
128201
129308
129600
129735
129760
129791
130120
130191
130252
130347
130377
130424
130467
130539
130569
130606
130653
130692
131012
131048
131076
131082
131162
131211
131236
131261
131286
131316
131339
131348
131416
131481
131495
131507
131534
131559
131589
131614
131642
131669
131747
132371
132399
132933
132945
132951
132955
132963
132967
133047
133141
133167
133245
133279
133327
133355
133387
133437
133455
133471
133473
133497
133623
133625
133727
133761
133771
133807
133821
133827
133846
133898
133932
133970
133992
134086
134166
134262
134321
134333
134362
134451
134558
134581
134705
134824
134856
134903
134949
134952
134982
135000
135074
135077
135084
135688
135915
135982
136057
136141
136180
136195
136270
136459
136465
136501
136519
136543
136547
136587
136655
136715
136742
136769
136775
136817
136880
136898
136904
136940
136943
136973
136979
137021
137039
137078
137102
137129
137204
137212
137228
137248
137272
137308
137364
137426
137550
137554
137570
137590
137618
137630
137658
137662
137682
137694
137698
137702
137706
137746
137762
137774
137778
137786
137790
137794
137798
137802
137806
137822
137846
137862
137886
137918
137926
137946
137962
137970
137974
137978
137990
137998
138006
138014
138018
138042
138062
138066
138090
138098
138106
138110
138126
138130
138134
138150
138154
138162
138166
138174
138178
138186
138194
138210
138218
138226
138238
138242
138258
138262
138270
138274
138278
138286
138290
138298
138306
138310
138326
138334
138338
138354
138366
138370
138386
138406
138410
138422
138426
138438
138458
138466
138474
138478
138490
138502
138506
138510
138522
138530
138542
138574
138586
138590
138602
138606
138618
138622
138654
138670
138682
138690
138722
138726
138734
138742
138754
138758
138774
138782
138790
138794
138806
138810
138826
138838
138842
138846
138850
138862
138870
138874
138878
138882
138910
138914
138918
138922
138926
138942
138962
138982
138986
138998
139002
139014
139034
139038
139050
139058
139062
139070
139086
139122
139130
139146
139158
139170
139174
139206
139210
139238
139250
139265
139283
139295
139307
139310
139319
139322
139325
139340
139352
139367
139383
139391
139395
139407
139435
139459
139463
139467
139471
139475
139479
139492
139497
139505
139510
139526
139530
139582
139594
139599
139603
139607
139623
139631
139635
139639
139647
139655
139663
139675
139755
139767
139783
139791
139795
139803
139807
139812
139822
139825
139837
139840
139882
139888
139897
139903
139909
139912
139942
139957
139960
139966
139972
139978
139981
139987
139999
140005
140012
140016
140020
140023
140026
140032
140035
140038
140044
140048
140052
140056
140059
140062
140068
140071
140077
140080
140086
140089
140092
140101
140107
140113
140116
140122
140131
140134
140137
140149
140161
140167
140173
140176
140179
140191
140195
140204
140208
140214
140218
140222
140226
140230
140233
140238
140244
140251
140257
140261
140271
140277
140293
140310
140314
140327
140331
140335
140339
140343
140351
140359
140376
140392
140492
140500
140504
140508
140520
140524
140528
140532
140536
140540
140544
140549
140553
140561
140565
140569
140586
140591
140599
140607
140611
140615
140619
140627
140631
140635
140639
140644
140651
140659
140664
140672
140676
140681
140685
140690
140694
140698
140712
140716
140724
140728
140732
140736
140739
140742
140751
140754
140757
140760
140763
140772
140775
140778
140781
140784
140787
140792
140798
140801
140804
140807
140816
140819
140822
140828
140831
140834
140837
140840
140846
140849
140855
140858
140861
140864
140870
140873
140876
140879
140882
140885
140888
140891
140894
140900
140903
140906
140912
140915
140918
140921
140924
140927
140933
140936
140942
140945
140948
140951
140954
140957
140975
140978
140984
140987
140990
140993
140996
140999
141005
141008
141011
141017
141020
141023
141035
141038
141041
141044
141047
141050
141053
141059
141065
141071
141077
141080
141086
141089
141092
141095
141098
141101
141104
141107
141110
141113
141119
141122
141125
141128
141137
141140
141143
141146
141149
141152
141161
141164
141167
141170
141173
141176
141185
141188
141191
141194
141197
141199
141204
141207
141209
141211
141213
141215
141217
141218
141220
141222
141224
141226
141228
141230
141234
141236
141238
141240
141242
141244
141246
141248
141250
141252
141254
141256
141258
141260
141264
141266
141268
141270
141272
141274
141276
141278
141282
141284
141286
141288
141290
141292
141294
141296
141302
141304
141306
141308
141314
141316
141318
141320
141322
141324
141326
141328
141331
141334
141337
141340
141343
141349
141355
141358
141361
141364
141367
141370
141373
141376
141379
141385
141388
141394
141397
141403
141406
141409
141415
141418
141424
141427
141433
141436
141442
141448
141451
141454
141457
141460
141463
141466
141472
141478
141481
141484
141487
141493
141499
141502
141508
141511
141514
141517
141523
141526
141532
141535
141538
141541
141547
141550
141556
141559
141562
141565
141568
141571
141574
141577
141580
141583
141586
141595
141598
141604
141607
141610
141622
141625
141628
141631
141634
141637
141640
141643
141646
141649
141652
141658
141661
141664
141667
141673
141679
141682
141685
141688
141691
141694
141697
141700
141703
141706
141709
141712
141718
141721
141727
141733
141742
141745
141748
141751
141754
141760
141763
141766
141769
141772
141775
141781
141784
141787
141790
141796
141805
141808
141811
141814
141817
141820
141829
141832
141835
141839
141843
141846
141849
141856
141860
141869
141873
141879
141890
141894
141899
141907
141911
141915
141919
141923
141927
141931
141939
141943
141947
141953
141957
141960
141964
141968
141972
141980
141984
141992
141996
142000
142004
142008
142014
142020
142023
142026
142029
142032
142035
142038
142041
142044
142047
142050
142056
142068
142071
142074
142080
142083
142086
142089
142092
142095
142101
142104
142107
142110
142113
142116
142119
142122
142125
142128
142131
142134
142140
142146
142149
142152
142158
142161
142164
142167
142170
142173
142179
142185
142188
142194
142197
142200
142203
142206
142209
142212
142215
142221
142227
142230
142233
142245
142248
142251
142254
142257
142260
142263
142266
142269
142272
142275
142278
142287
142293
142296
142299
142302
142305
142311
142314
142317
142326
142329
142332
142335
142338
142341
142344
142350
142354
142358
142361
142370
142388
142391
142394
142400
142403
142406
142412
142421
142424
142427
142430
142436
142439
142445
142456
142460
142464
142471
142480
142492
142495
142498
142501
142504
142507
142510
142513
142522
142525
142528
142531
142537
142540
142546
142550
142558
142562
142570
142578
142582
142586
142590
142594
142602
142606
142610
142618
142622
142630
142634
142638
142642
142646
142650
142654
142658
142662
142666
142674
142678
142686
142694
142702
142706
142710
142714
142720
142723
142726
142729
142732
142738
142741
142753
142756
142759
142762
142765
142771
142774
142780
142783
142786
142789
142795
142798
142801
142804
142816
142819
142822
142825
142831
142834
142837
142843
142846
142852
142855
142858
142861
142870
142873
142879
142885
142888
142891
142897
142906
142909
142921
142927
142930
142933
142936
142939
142942
142945
142951
142954
142966
142969
142972
142981
142993
142996
142999
143002
143005
143011
143014
143020
143029
143032
143035
143038
143041
143044
143053
143062
143068
143071
143074
143077
143080
143083
143086
143089
143092
143095
143098
143104
143107
143116
143119
143122
143125
143131
143134
143137
143140
143149
143152
143155
143166
143169
143175
143178
143181
143187
143190
143196
143199
143202
143205
143210
143216
143219
143222
143225
143228
143231
143234
143237
143243
143246
143249
143252
143255
143258
143261
143264
143267
143270
143273
143276
143279
143283
143286
143289
143292
143295
143298
143301
143306
143312
143316
143320
143328
143332
143335
143353
143356
143359
143362
143365
143368
143373
143376
143382
143385
143394
143397
143403
143406
143411
143414
143417
143423
143429
143432
143435
143439
143442
143445
143448
143451
143454
143459
143462
143468
143471
143477
143480
143483
143486
143489
143495
143498
143507
143510
143516
143522
143525
143528
143531
143534
143542
143545
143551
143554
143557
143563
143566
143569
143572
143575
143586
143589
143595
143601
143604
143607
143610
143613
143619
143622
143627
143630
143633
143639
143642
143648
143657
143660
143668
143674
143677
143680
143683
143686
143692
143695
143698
143703
143706
143709
143712
143715
143718
143721
143727
143730
143733
143736
143739
143745
143748
143751
143754
143763
143769
143772
143784
143793
143799
143802
143811
143814
143820
143823
143826
143832
143835
143838
143847
143850
143853
143859
143871
143880
143883
143886
143889
143892
143895
143901
143907
143913
143916
143919
143925
143928
143931
143940
143943
143952
143958
143964
143967
143970
143973
143976
143979
143982
143988
143991
143994
143997
144003
144012
144015
144018
144027
144030
144033
144039
144042
144045
144051
144057
144060
144066
144069
144072
144075
144081
144084
144090
144093
144102
144105
144108
144111
144114
144126
144129
144132
144138
144141
144144
144150
144153
144159
144165
144168
144171
144180
144186
144192
144195
144201
144207
144213
144216
144221
144227
144230
144233
144236
144243
144247
144250
144255
144259
144263
144267
144272
144276
144280
144284
144292
144303
144306
144310
144314
144322
144326
144330
144334
144337
144340
144344
144348
144352
144360
144372
144376
144380
144384
144392
144396
144404
144412
144416
144420
144424
144436
144440
144448
144452
144464
144468
144472
144480
144484
144488
144491
144494
144497
144500
144506
144509
144512
144515
144521
144524
144527
144530
144533
144536
144542
144545
144548
144551
144557
144560
144566
144572
144575
144578
144581
144584
144587
144590
144596
144598
144601
144604
144610
144613
144616
144622
144625
144631
144634
144636
144639
144642
144645
144648
144654
144657
144660
144663
144666
144669
144675
144684
144687
144690
144693
144698
144699
144701
144704
144706
144709
144715
144719
144724
144730
144731
144733
144736
144739
144743
144745
144748
144756
144759
144768
144769
144771
144774
144780
144787
144793
144799
144802
144805
144808
144815
144818
144827
144832
144839
144841
144847
144850
144853
144856
144859
144862
144865
144874
144877
144895
144899
144901
144904
144913
144919
144922
144928
144929
144931
144934
144938
144940
144944
144949
144952
144958
144959
144961
144965
144970
144974
144976
144982
144986
144989
144992
144995
144999
145008
145011
145013
145015
145019
145035
145038
145041
145044
145047
145053
145059
145062
145065
145068
145071
145074
145080
145083
145086
145089
145092
145102
145106
145107
145111
145113
145120
145123
145126
145128
145132
145136
145139
145146
145154
145157
145161
145164
145171
145173
145175
145177
145184
145188
145191
145196
145197
145199
145205
145211
145218
145219
145223
145225
145228
145234
145243
145248
145252
145258
145264
145265
145267
145271
145273
145283
145286
145289
145294
145297
145300
145303
145308
145310
145315
145331
145334
145336
145342
145351
145353
145355
145360
145364
145374
145377
145380
145385
145389
145391
145398
145400
145405
145416
145420
145424
145426
145432
145438
145450
145456
145459
145463
145465
145469
145483
145486
145489
145493
145494
145504
145505
145510
145516
145519
145525
145528
145531
145534
145537
145540
145543
145546
145549
145552
145555
145558
145564
145567
145570
145579
145582
145588
145591
145594
145600
145610
145614
145618
145622
145626
145630
145634
145638
145642
145650
145654
145658
145666
145678
145686
145690
145694
145698
145706
145710
145714
145718
145722
145730
145734
145738
145742
145754
145762
145766
145774
145782
145790
145794
145798
145802
145806
145810
145818
145822
145826
145830
145834
145838
145842
145846
145850
145854
145858
145861
145864
145876
145879
145882
145888
145891
145894
145903
145906
145918
145921
145924
145930
145933
145936
145939
145942
145945
145948
145954
145960
145963
145969
145980
145983
145986
145989
145995
145998
146005
146011
146016
146019
146022
146025
146028
146031
146034
146037
146040
146049
146052
146055
146058
146061
146067
146070
146079
146091
146094
146097
146103
146106
146109
146112
146115
146120
146123
146126
146129
146132
146138
146141
146150
146153
146159
146165
146168
146174
146177
146183
146195
146198
146204
146207
146210
146213
146216
146219
146228
146231
146234
146237
146246
146249
146258
146261
146264
146267
146276
146279
146285
146288
146297
146303
146306
146309
146312
146315
146318
146324
146327
146330
146333
146336
146339
146348
146351
146354
146357
146360
146363
146369
146372
146375
146378
146384
146387
146390
146396
146399
146408
146411
146414
146417
146420
146426
146429
146432
146438
146441
146444
146447
146450
146453
146459
146462
146465
146468
146471
146474
146477
146483
146486
146489
146492
146495
146498
146501
146504
146507
146513
146529
146533
146540
146543
146546
146549
146552
146558
146561
146564
146567
146570
146573
146576
146582
146585
146591
146594
146597
