100002
100007
100008
100009
100011
100013
100014
100016
100017
100018
100023
100024
100029
100032
100035
100040
100049
100051
100055
100057
100059
100060
100062
100072
100075
100078
100081
100090
100094
100095
100096
100097
100099
100101
100102
100105
100107
100108
100110
100112
100120
100121
100126
100128
100131
100132
100133
100139
100143
100146
100150
100152
100153
100157
100158
100169
100170
100174
100175
100176
100180
100182
100185
100186
100188
100189
100191
100195
100197
100199
100201
100202
100205
100207
100208
100209
100210
100212
100215
100222
100223
100225
100228
100229
100232
100234
100238
100239
100249
100281
100284
100290
100293
100298
100299
100300
100301
100303
100307
100310
100311
100315
100318
100321
100323
100324
100325
100326
100329
100330
100332
100333
100335
100336
100337
100338
100339
100340
100342
100346
100355
100359
100360
100364
100367
100368
100372
100373
100375
100033
100046
100053
100069
100073
100082
100116
100127
100130
100134
100147
100148
100155
100286
100305
100347
100356
100363
100376
100001
100003
100006
100010
100020
100022
100034
100041
100044
100045
100054
100058
100061
100070
100071
100080
100084
100088
100091
100093
100098
100109
100122
100123
100138
100142
100144
100145
100164
100166
100171
100177
100187
100194
100216
100218
100219
100221
100226
100233
100235
100237
100241
100244
100247
100252
100291
100294
100295
100296
100297
100312
100314
100319
100320
100322
100331
100345
100348
100351
100353
100357
100358
100370
100374
100021
100025
100030
100036
100037
100038
100039
100047
100056
100063
100066
100067
100074
100076
100083
100100
100103
100104
100111
100114
100119
100137
100141
100160
100161
100172
100179
100183
100196
100204
100214
100231
100248
100282
100283
100285
100302
100306
100308
100313
100316
100317
100327
100334
100344
100349
100350
100352
100354
100362
100366
100369
100371
100005
100026
100042
100064
100077
100085
100115
100117
100124
100206
100243
100255
100258
100292
100012
100015
100019
100027
100028
100031
100052
100065
100068
100079
100092
100106
100118
100125
100140
100149
100162
100167
100173
100181
100193
100211
100217
100227
100289
100309
100328
100341
100365
300002
300004
300005
300006
300007
300018
300021
300030
300031
300037
300038
300044
300046
300048
300049
300054
300058
300061
300063
300065
300070
300080
300083
300086
300089
300093
300099
300100
300104
300107
300110
300112
300114
300119
300130
300132
300136
300137
300140
300141
300142
300143
300145
300149
300150
300154
300160
300172
300185
300191
300198
300003
300008
300013
300017
300019
300023
300028
300029
300034
300035
300040
300042
300043
300045
300057
300059
300062
300064
300071
300072
300074
300076
300079
300081
300082
300091
300096
300098
300101
300108
300109
300111
300115
300116
300117
300120
300121
300123
300129
300131
300134
300138
300139
300147
300148
300155
300165
300166
300168
300170
300171
300175
300176
300178
300181
300184
300186
300188
300189
300190
300192
300197
300009
300012
300015
300020
300025
300026
300027
300033
300041
300051
300052
300053
300055
300060
300068
300069
300073
300075
300078
300085
300087
300090
300092
300103
300105
300113
300122
300124
300126
300128
300146
300158
300159
300161
300169
300173
300194
300196
300010
300016
300022
300050
300056
300084
300088
300095
300097
300118
300144
300183
300195
300011
300024
300032
300039
300047
300067
300077
300102
300125
300127
300135
300157
300182
300200
300201
600004
600008
600013
600015
600018
600020
600023
600024
600027
600030
600031
600048
600051
600055
600057
600059
600065
600066
600073
600088
600108
600002
600007
600014
600019
600022
600028
600029
600033
600042
600046
600054
600064
600070
600072
600083
600095
600096
600103
600115
600117
600009
600010
600017
600025
600035
600036
600043
600067
600068
600075
600100
600101
600102
600105
600109
600119
600003
600005
600011
600012
600021
600032
600040
600050
600060
600062
600063
600094
600098
600104
600110
600111
600118
600120
600124
600125
600006
600034
600039
600044
600047
600058
600080
600081
600089
600097
600106
600112
600114
600001
600053
600091
800027
800001
800003
800007
800008
800009
800011
800012
800013
800014
800019
800020
800024
800026
800028
800037
800038
800039
800040
800042
800045
800048
800004
800005
800006
800010
800023
800025
800029
800033
800034
800035
900004
900008
900009
900012
900018
900021
900001
900002
900007
900010
900014
900019
900023
100392
100404
100430
100433
300153
300209
300221
300223
300227
300228
300232
300237
300248
300252
300253
300254
300262
300267
300271
300273
300276
300283
300285
300286
300290
300293
300294
300296
300298
300302
300311
300321
300325
300327
300333
300336
300352
300193
300202
300204
300205
300208
300211
300214
300216
300219
300239
300241
300242
300246
300249
300251
300261
300263
300266
300268
300269
300272
300274
300287
300291
300303
300308
300312
300314
300320
300322
300334
300343
300345
300354
300358
300206
300213
300215
300231
300238
300240
300256
300278
300289
300292
300299
300305
300313
300324
300339
300348
300351
300353
300355
300210
300212
300217
300220
300225
300243
300244
300255
300258
300265
300275
300277
300281
300282
300295
300307
300310
300317
300328
300335
300341
300356
300260
300279
300288
300301
300306
300344
300349
300259
600026
600037
600107
600126
600127
600132
600140
600142
600128
600129
600130
600016
600131
600138
600141
800021
800050
800052
800053
800054
800058
800055
800056
900016
900024
