119456
119455
119454
119453
119452
119456
119455
119454
119453
119452
119451
119450
119449
119448
119447
119446
119445
119444
119443
119442
119441
119440
119439
119438
119437
119436
119435
119434
119433
119432
119431
119430
119429
119428
119427
119426
119425
119424
119423
119422
119421
119420
119419
119418
119417
119416
119415
119414
119413
119412
119411
119410
119409
119408
119407
119406
119405
119404
119403
119402
119401
119400
119399
119398
119397
119396
119395
119394
119393
119392
119391
119390
119389
119388
119387
119386
119385
119384
119383
119382
119381
119380
119379
119378
119377
119376
119375
119374
119373
119372
119371
119370
119369
119368
119367
119366
119365
119364
119363
119362
119361
119360
119359
119358
119357
119356
119355
119354
119353
119352
119351
119350
119349
119348
119347
119346
119345
119344
119343
119342
119341
119340
119339
119338
119337
119336
119335
119334
119333
119332
119331
119330
119329
119328
119327
119326
119325
119324
119323
119322
119321
119320
119319
119318
119317
119316
119315
119314
119313
119312
119311
119310
119309
119308
119307
119306
119305
119304
119303
119302
119301
119300
119299
119298
119297
119296
119295
119294
119293
119292
119291
119290
119289
119288
119287
119286
119285
119284
119283
119282
119281
119280
119279
119278
119277
119276
119275
119274
119273
119272
119271
119270
119269
119268
119267
119266
119265
119264
119263
119262
119261
119260
119259
119258
119257
119256
119255
119254
119253
119252
119251
119250
119249
119248
119247
119246
119245
119244
119243
119242
119241
119240
119239
119238
119237
119236
119235
119234
119233
119232
119231
119230
119229
119228
119227
119226
119225
119224
119223
119222
119221
119220
119219
119218
119217
119216
119215
119214
119213
119212
119211
119210
119209
119208
119207
119206
119205
119204
119203
119202
119201
119200
119199
119198
119197
119196
119195
119194
119193
119192
119191
119190
119189
119188
119187
119186
119185
119184
119183
119182
119181
119180
119179
119178
119177
119176
119175
119174
119173
119172
119171
119170
119169
119168
119167
119166
119165
119164
119163
119162
119161
119160
119159
119158
119157
119156
119155
119154
119153
119152
119151
119150
119149
119148
119147
119146
119145
119144
119143
119142
119141
119140
119139
119138
119137
119136
119135
119134
119133
119132
119131
119130
119129
119128
119127
119126
119125
119124
119123
119122
119121
119120
119119
119118
119117
119116
119115
119114
119113
119112
119111
119110
119109
119108
119107
119106
119105
119104
119103
119102
119101
119100
119099
119098
119097
119096
119095
119094
119093
119092
119091
119090
119089
119088
119087
119086
119085
119084
119083
119082
119081
119080
119079
119078
119077
119076
119075
119074
119073
119072
119071
119070
119069
119068
119067
119066
119065
119064
119063
119062
119061
119060
119059
119058
119057
119056
119055
119054
119053
119052
119051
119050
119049
119048
119047
119046
119045
119044
119043
119042
119041
119040
119039
119038
119037
119036
119035
119034
119033
119032
119031
119030
119029
119028
119027
119026
119025
119024
119023
119022
119021
119020
119019
119018
119017
119016
119015
119014
119013
119012
119011
119010
119009
119008
119007
119006
119005
119004
119003
119002
119001
119000
118999
118998
118997
118996
118995
118994
118993
118992
118991
118990
118989
118988
118987
118986
118985
118984
118983
118982
118981
118980
118979
118978
118977
118976
118975
118974
118973
118972
118971
118970
118969
118968
118967
118966
118965
118964
118963
118962
118961
118960
118959
118958
118957
118956
118955
118954
118953
118952
118951
118950
118949
118948
118947
118946
118945
118944
118943
118942
118941
118940
118939
118938
118937
118936
118935
118934
118933
118932
118931
118930
118929
118928
118927
118926
118925
118924
118923
118922
118921
118920
118919
118918
118917
118916
118915
118914
118913
118912
118911
118910
118909
118908
118907
118906
118905
118904
118903
118902
118901
118900
118899
118898
118897
118896
118895
118894
118893
118892
118891
118890
118889
118888
118887
118886
118885
118884
118883
118882
118881
118880
118879
118878
118877
118876
118875
118874
118873
118872
118871
118870
118869
118868
118867
118866
118865
118864
118863
118862
118861
118860
118859
118858
118857
118856
118855
118854
118853
118852
118851
118850
118849
118848
118847
118846
118845
118844
118843
118842
118841
118840
118839
118838
118837
118836
118835
118834
118833
118832
118831
118830
118829
118828
118827
118826
118825
118824
118823
118822
118821
118820
118819
118818
118817
118816
118815
118814
118813
118812
118811
118810
118809
118808
118807
118806
118805
118804
118803
118802
118801
118800
118799
118798
118797
118796
118795
118794
118793
118792
118791
118790
118789
118788
118787
118786
118785
118784
118783
118782
118781
118780
118779
118778
118777
118776
118775
118774
118773
118772
118771
118770
118769
118768
118767
118766
118765
118764
118763
118762
118761
118760
118759
118758
118757
118756
118755
118754
118753
118752
118751
118750
118749
118748
118747
118746
118745
118744
118743
118742
118741
118740
118739
118738
118737
118736
118735
118734
118733
118732
118731
118730
118729
118728
118727
118726
118725
118724
118723
118722
118721
118720
118719
118718
118717
118716
118715
118714
118713
118712
118711
118710
118709
118708
118707
118706
118705
118704
118703
118702
118701
118700
118699
118698
118697
118696
118695
118694
118693
118692
118691
118690
118689
118688
118687
118686
118685
118684
118683
118682
118681
118680
118679
118678
118677
118676
118675
118674
118673
118672
118671
118670
118669
118668
118667
118666
118665
118664
118663
118662
118661
118660
118659
118658
118657
118656
118655
118654
118653
118652
118651
118650
118649
118648
118647
118646
118645
118644
118643
118642
118641
118640
118639
118638
118637
118636
118635
118634
118633
118632
118631
118630
118629
118628
118627
118626
118625
118624
118623
118622
118621
118620
118619
118618
118617
118616
118615
118614
118613
118612
118611
118610
118609
118608
118607
118606
118605
118604
118603
118602
118601
118600
118599
118598
118597
118596
118595
118594
118593
118592
118591
118590
118589
118588
118587
118586
118585
118584
118583
118582
118581
118580
118579
118578
118577
118576
118575
118574
118573
118572
118571
118570
118569
118568
118567
118566
118565
118564
118563
118562
118561
118560
118559
118558
118557
118556
118555
118554
118553
118552
118551
118550
118549
118548
118547
118546
118545
118544
118543
118542
118541
118540
118539
118538
118537
118536
118535
118534
118533
118532
118531
118530
118529
118528
118527
118526
118525
118524
118523
118522
118521
118520
118519
118518
118517
118516
118515
118514
118513
118512
118511
118510
118509
118508
118507
118506
118505
118504
118503
118502
118501
118500
118499
118498
118497
118496
118495
118494
118493
118492
118491
118490
118489
118488
118487
118486
118485
118484
118483
118482
118481
118480
118479
118478
118477
118476
118475
118474
118473
118472
118471
118470
118469
118468
118467
118466
118465
118464
118463
118462
118461
118460
118459
118458
118457
118456
118455
118454
118453
118452
118451
118450
118449
118448
118447
118446
118445
118444
118443
118442
118441
118440
118439
118437
118436
118435
118434
118433
118432
118431
118430
118429
118428
118427
118426
118425
118424
118423
118422
118421
118420
118419
118418
118417
118416
118415
118414
118413
118412
118411
118410
118409
118408
118407
118406
118405
118404
118403
118402
118401
118400
118399
118398
118397
118396
118395
118394
118393
118392
118391
118390
118389
118388
118387
118386
118385
118384
118383
118382
118381
118380
118379
118378
118377
118376
118375
118374
118373
118372
118371
118370
118369
118368
118367
118366
118365
118364
118363
118362
118361
118360
118359
118358
118357
118356
118355
118354
118353
118352
118351
118350
118349
118348
118347
118346
118345
118344
118343
118342
118341
118340
118339
118338
118337
118336
118335
118334
118333
118332
118331
118330
118329
118328
118327
118326
118325
118324
118323
118322
118321
118320
118319
118318
118317
118316
118315
118314
118313
118312
118311
118310
118309
118308
118307
118306
118305
118304
118303
118302
118301
118300
118299
118298
118297
118296
118295
118294
118293
118292
118291
118290
118289
118288
118287
118286
118285
118284
118283
118282
118281
118280
118279
118278
118277
118276
118275
118274
118273
118272
118271
118270
118269
118268
118267
118266
118265
118264
118263
118262
118261
118260
118259
118258
118257
118256
118255
118254
118253
118252
118251
118250
118249
118248
118247
118246
118245
118244
118243
118242
118241
118240
118239
118238
118237
118236
118235
118234
118233
118232
118231
118230
118229
118228
118227
118226
118225
118224
118223
118222
118221
118220
118219
118218
118217
118216
118215
118214
118213
118212
118211
118210
118209
118208
118207
118206
118205
118204
118203
118202
118201
118200
118199
118198
118197
118196
118195
118194
118193
118192
118191
118190
118189
118188
118187
118186
118185
118184
118183
118182
118181
118180
118179
118178
118177
118176
118175
118174
118173
118172
118171
118170
118169
118168
118167
118166
118165
118164
118163
118162
118161
118160
118159
118158
118157
118156
118155
118154
118153
118152
118151
118150
118149
118148
118147
118146
118145
118144
118143
118142
118141
118140
118139
118138
118137
118136
118135
118134
118133
118132
118131
118130
118129
118128
118127
118126
118125
118124
118123
118122
118121
118120
118119
118118
118117
118116
118115
118114
118113
118112
118111
118110
118109
118108
118107
118106
118105
118104
118103
118102
118101
118100
118099
118098
118097
118096
118095
118094
118093
118092
118091
118090
118089
118088
118087
118086
118085
118084
118083
118082
118081
118080
118079
118078
118077
118076
118075
118074
118073
118072
118071
118070
118069
118068
118067
118066
118065
118064
118063
118062
118061
118060
118059
118058
118057
118056
118055
118054
118053
118052
118051
118050
118049
118048
118047
118046
118045
118044
118043
118042
118041
118040
118039
118038
118037
118036
118035
118034
118033
118032
118031
118030
118029
118028
118027
118026
118025
118024
118023
118022
118021
118020
118019
118018
118017
118016
118015
118014
118013
118012
118011
118010
118009
118008
118007
118006
118005
118004
118003
118002
118001
118000
117999
117998
117997
117996
117995
117994
117993
117992
117991
117990
117989
117988
117987
117986
117985
117984
117983
117982
117981
117980
117979
117978
117977
117976
117975
117974
117973
117972
117971
117970
117969
117968
117967
117966
117965
117964
117963
117962
117961
117960
117959
117958
117957
117956
117955
117954
117953
117952
117951
117950
117949
117948
117947
117946
117945
117944
117943
117942
117941
117940
117939
117938
117937
117936
117935
117934
117933
117932
117931
117930
117929
117928
117927
117926
117925
117924
117923
117922
117921
117920
117919
117918
117917
117916
117915
117914
117913
117912
117911
117910
117909
117908
117907
117906
117905
117904
117903
117902
117901
117900
117899
117898
117897
117896
117895
117894
117893
117892
117891
117890
117889
117888
117887
117886
117885
117884
117883
117882
117881
117880
117879
117878
117877
117876
117875
117874
117873
117872
117871
117870
117869
117868
117867
117866
117865
117864
117863
117862
117861
117860
117859
117858
117857
117856
117855
117854
117853
117852
117851
117850
117849
117848
117847
117846
117845
117844
117843
117842
117841
117840
117839
117838
117837
117836
117835
117834
117833
117832
117831
117830
117829
117828
117827
117826
117825
117824
117823
117822
117821
117820
117819
117818
117817
117816
117815
117814
117813
117812
117811
117810
117809
117808
117807
117806
117805
117804
117803
117802
117801
117800
117799
117798
117797
117796
117795
117794
117793
117792
117791
117790
117789
117788
117787
117786
117785
117784
117783
117782
117781
117780
117779
117778
117777
117776
117775
117774
117773
117772
117771
117770
117769
117768
117767
117766
117765
117764
117763
117762
117761
117760
117759
117758
117757
117756
117755
117754
117753
117752
117751
117750
117749
117748
117747
117746
117745
117744
117743
117742
117741
117740
117739
117738
117737
117736
117735
117734
117733
117732
117731
117730
117729
117728
117727
117726
117725
117724
117723
117722
117721
117720
117719
117718
117717
117716
117715
117714
117713
117712
117711
117710
117709
117708
117707
117706
117705
117704
117703
117702
117701
117700
117699
117698
117697
117696
117695
117694
117693
117692
117691
117690
117689
117688
117687
117686
117685
117684
117683
117682
117681
117680
117679
117678
117677
117676
117675
117674
117673
117672
117671
117670
117669
117668
117667
117666
117665
117664
117663
117662
117661
117660
117659
117658
117657
117656
117655
117654
117653
117652
117651
117650
117649
117648
117647
117646
117645
117644
117643
117642
117641
117640
117639
117638
117637
117636
117635
117634
117633
117632
117631
117630
117629
117628
117627
117626
117625
117624
117623
117622
117621
117620
117619
117618
117617
117616
117615
117614
117613
117612
117611
117610
117609
117608
117607
117606
117605
117604
117603
117602
117601
117600
117599
117598
117597
117596
117595
117594
117593
117592
117591
117590
117589
117588
117587
117586
117585
117584
117583
117582
117581
117580
117579
117578
117577
117576
117575
117574
117573
117572
117571
117570
117569
117568
117567
117566
117565
117564
117563
117562
117561
117560
117559
117558
117557
117556
117555
117554
117553
117552
117551
117550
117549
117548
117547
117546
117545
117544
117543
117542
117541
117540
117539
117538
117537
117536
117535
117534
117533
117532
117531
117530
117529
117528
117527
117526
117525
117524
117523
117522
117521
117520
117519
117518
117517
117516
117515
117514
117513
117512
117511
117510
117509
117508
117507
117506
117505
117504
117503
117502
117501
117500
117499
117498
117497
117496
117495
117494
117493
117492
117491
117490
117489
117488
117487
117486
117485
117484
117483
117482
117481
117480
117479
117478
117477
117476
117475
117474
117473
117472
117471
117470
117469
117468
117467
117466
117465
117464
117463
117462
117461
117460
117459
117458
117457
117456
117455
117454
117453
117452
117451
117450
117449
117448
117447
117446
117445
117444
117443
117442
117441
117440
117439
117438
117437
117436
117435
117434
117433
117432
117431
117430
117429
117428
117427
117426
117425
117424
117423
117422
117421
117420
117419
117418
117417
117416
117415
117414
117413
117412
117411
117410
117409
117408
117407
117406
117405
117404
117403
117402
117401
117400
117399
117398
117397
117396
117395
117394
117393
117392
117391
117390
117389
117388
117387
117386
117385
117384
117383
117382
117381
117380
117379
117378
117377
117376
117375
117374
117371
117370
117369
117368
117367
117366
117365
117364
117363
117362
117361
117360
117359
117358
117357
117356
117355
117354
117353
117352
117351
117350
117349
117348
117347
117346
117345
117344
117343
117342
117341
117340
117339
117338
117337
117336
117335
117334
117333
117332
117331
117330
117329
117328
117327
117326
117325
117324
117323
117322
117321
117320
117319
117318
117317
117316
117315
117314
117313
117312
117311
117310
117309
117308
117307
117306
117305
117304
117303
117302
117301
117300
117299
117298
117297
117296
117295
117294
117293
117292
117291
117290
117289
117288
117287
117286
117285
117284
117283
117282
117281
117280
117279
117278
117277
117276
117275
117274
117273
117272
117271
117270
117269
117268
117267
117266
117265
117264
117263
117262
117261
117260
117259
117258
117257
117256
117255
117254
117253
117252
117251
117250
117249
117248
117247
117246
117245
117244
117243
117242
117241
117240
117239
117238
117237
117236
117235
117234
117233
117232
117231
117230
117229
117228
117227
117226
117225
117224
117223
117222
117221
117220
117219
117218
117217
117216
117215
117214
117213
117212
117211
117210
117209
117208
117207
117206
117205
117204
117203
117202
117201
117200
117199
117198
117197
117196
117195
117194
117193
117192
117191
117190
117189
117188
117187
117186
117185
117184
117183
117182
117181
117180
117179
117178
117177
117176
117175
117174
117173
117172
117171
117170
117169
117168
117167
117166
117165
117164
117163
117162
117161
117160
117159
117158
117157
117156
117155
117154
117153
117152
117151
117150
117149
117148
117147
117146
117145
117144
117143
117142
117141
117140
117139
117138
117137
117136
117135
117134
117133
117132
117131
117130
117129
117128
117127
117126
117125
117124
117123
117122
117121
117120
117119
117118
117117
117116
117115
117114
117113
117112
117111
117110
117109
117108
117107
117106
117105
117104
117103
117102
117101
117100
117099
117098
117097
117096
117095
117094
117093
117092
117091
117090
117089
117088
117087
117086
117085
117084
117083
117082
117081
117080
117079
117078
117077
117076
117075
117074
117073
117072
117071
117070
117069
117068
117067
117066
117065
117064
117063
117062
117061
117060
117059
117058
117057
117056
117055
117054
117053
117052
117051
117050
117049
117048
117047
117046
117045
117044
117043
117042
117041
117040
117039
117038
117037
117036
117035
117034
117033
117032
117031
117030
117029
117028
117027
117026
117025
117024
117023
117022
117021
117020
117019
117018
117017
117016
117015
117014
117013
117012
117011
117010
117009
117008
117007
117006
117005
117004
117003
117002
117001
117000
116999
116998
116997
116996
116995
116994
116993
116992
116991
116990
116989
116988
116987
116986
116985
116984
116983
116982
116981
116980
116979
116978
116977
116976
116975
116974
116973
116972
116971
116970
116969
116968
116967
116966
116965
116964
116963
116962
116961
116960
116959
116958
116957
116956
116955
116954
116953
116952
116951
116950
116949
116948
116947
116946
116945
116944
116943
116942
116941
116940
116939
116938
116937
116936
116935
116934
116933
116932
116931
116930
116929
116928
116927
116926
116925
116924
116923
116922
116921
116920
116919
116918
116917
116916
116915
116914
116913
116912
116911
116910
116909
116908
116907
116906
116905
116904
116903
116902
116901
116900
116899
116898
116897
116896
116895
116894
116893
116892
116891
116890
116889
116888
116887
116886
116885
116884
116883
116882
116881
116880
116879
116878
116877
116876
116875
116874
116873
116872
116871
116870
116869
116868
116867
116866
116865
116864
116863
116862
116861
116860
116859
116858
116857
116856
116855
116854
116853
116852
116851
116850
116849
116848
116847
116846
116845
116844
116843
116842
116841
116840
116839
116838
116837
116836
116835
116834
116833
116832
116831
116830
116829
116828
116827
116826
116825
116824
116823
116822
116821
116820
116819
116818
116817
116816
116815
116814
116813
116812
116811
116810
116809
116808
116807
116806
116805
116804
116803
116802
116801
116800
116799
116798
