400573
400574
400579
400580
400585
400591
400592
400597
400598
400603
400604
400609
400610
400615
400616
400621
400622
400627
400628
400633
400634
400639
400640
400645
400646
400651
400652
400657
400658
400663
400664
400669
400670
400675
400676
400681
400682
400687
400688
400693
400694
400699
400700
400705
400706
400711
400712
400717
400718
400723
400724
400729
400730
400735
400736
400741
400742
400747
400946
400947
400948
400951
400952
400955
400956
400960
400961
400962
400965
400966
400970
400971
400972
400975
400976
400980
400981
400984
400985
400986
400990
400991
400994
400995
400996
401000
401001
401004
401005
401008
401009
401010
401013
401014
401018
401019
401020
401023
401024
401028
401029
401032
401033
401034
401038
401039
401042
401043
401044
401048
401049
401052
401053
401057
401058
401059
401062
401063
401066
401067
401071
401072
401076
401077
401080
401081
401082
401086
401087
401090
401091
401092
401096
401097
401100
401101
401105
401106
401107
401110
401111
401114
401115
401116
401119
401120
401123
401124
401127
401128
401129
401133
401134
401137
401138
401139
401143
401144
401147
401148
401153
401154
401157
401158
401162
401163
401164
401167
401168
401172
401173
401176
401177
401178
401181
401182
401185
401186
401187
401191
401192
401195
401196
401200
401201
401202
401205
401206
401210
401211
401212
401215
401216
401220
401221
401224
401225
401226
401230
401231
401234
401235
401236
401239
401240
401243
401244
401248
401249
401250
401253
401254
401258
401259
401260
401263
401264
401268
401269
401272
401273
401274
401278
401279
401282
401283
401284
401288
401289
401292
401293
401296
401297
401298
401301
401302
401306
401307
401308
401311
401312
401316
401317
401320
401321
401322
401326
401327
401330
401331
401332
401336
401337
401340
401341
401345
401346
401347
401350
401351
401354
401355
401356
401359
401360
401364
401365
401368
401369
401370
401374
401375
401378
401379
401380
401384
401385
401388
401389
401393
401394
401395
401398
401399
401403
401404
401405
401408
401409
401412
401413
401416
401417
401418
401422
401423
401426
401427
401428
401432
401433
401436
401437
401441
401442
401443
401446
401447
401451
401452
401453
401456
401457
401461
401462
401465
401466
401467
401470
401471
401474
401475
401476
401480
401481
401484
401485
401489
401490
401491
401494
401495
401499
401500
401501
401504
401505
401509
401510
401513
401514
401515
401519
401520
401523
401524
401525
401528
401529
401532
401533
401537
401538
401539
401542
401543
401547
401548
401549
401552
401553
401557
401558
401561
401562
401563
401567
401568
401571
401572
401573
401577
401578
401581
401582
401585
401586
401587
401590
401591
401595
401596
401597
401600
401601
401605
401606
401610
401611
401612
401616
401617
401620
401621
401622
401626
401627
401630
401631
401635
401636
401637
401640
401641
401644
401645
401646
401649
401650
401654
401655
401658
401659
401660
401664
401665
401668
401669
401670
401674
401675
401678
401679
401683
401684
401685
401688
401689
401693
401694
401695
401698
401699
401702
401703
401706
401707
401708
401712
401713
401716
401717
401718
401722
401723
401726
401727
401731
401732
401733
401736
401737
401741
401742
401745
401746
401747
401751
401752
401755
401756
401759
401760
401763
401764
401768
401769
401772
401773
401777
401778
401781
401782
401786
401787
401790
401791
401795
401796
401799
401800
401807
401808
401809
401810
401811
401812
401813
401817
401818
401819
401820
401821
401822
401823
401828
401829
401830
401831
401832
401833
401834
401839
401840
401841
401842
401843
401844
401845
401849
401850
401851
401852
401853
401854
401859
401860
401861
401862
401863
401864
401869
401870
401871
401872
401873
401874
401875
401880
401881
401882
401883
401884
401885
401890
401891
401892
401893
401894
401895
401900
401901
401902
401903
401904
401905
401910
401911
401912
401913
401914
401915
401920
401921
401922
401923
401924
401925
401930
401931
401932
401933
401934
401935
401940
401941
401942
401943
401944
401945
401950
401951
401952
401953
401954
401955
401960
401961
401962
401963
401964
401965
401970
401971
401972
401973
401974
401975
401980
401981
401982
401983
401984
401985
401990
401991
401992
401993
401994
401995
402000
402001
402002
402003
402004
402005
402010
402011
402012
402013
402014
402015
402020
402021
402022
402023
402024
402025
402030
402031
402032
402033
402034
402035
402040
402041
402042
402043
402044
402045
402050
402051
402052
402053
402054
402055
402059
402060
402061
402062
402063
402064
402069
402070
402071
402072
402073
402074
402079
402080
402081
402082
402083
402084
402089
402090
402091
402092
402093
402094
402099
402100
402101
402102
402103
402104
402109
402110
402111
402112
402113
402114
402119
402120
402121
402122
402123
402124
402129
402130
402131
402132
402133
402134
402139
402140
402141
402142
402143
402144
402149
402150
402151
402152
402153
402154
402159
402160
402161
402162
402163
402164
402169
402170
402171
402172
402173
402174
402179
402180
402181
402182
402183
402184
402189
402190
402191
402192
402193
402194
402199
402200
402201
402202
402203
402204
402209
402210
402211
402212
402213
402214
402219
402220
402221
402222
402223
402224
402229
402230
402231
402232
402233
402234
402239
402240
402241
402242
402243
402244
402249
402250
402251
402252
402254
402259
402260
402261
402262
402263
402264
402269
402270
402271
402272
402273
402274
402279
402280
402281
402282
402283
402284
402289
402290
402291
402292
402293
402294
402299
402300
402301
402302
402303
402304
402309
402310
402311
402312
402313
402314
402319
402320
402321
402322
402323
402324
402329
402330
402331
402332
402333
402334
402339
402340
402341
402342
402343
402344
402349
402350
402351
402352
402353
402354
402359
402360
402361
402362
402363
402364
402369
402370
402371
402372
402373
402374
402375
402380
402381
402382
402383
402384
402385
402386
402391
402392
402393
402394
402395
402396
402397
402398
402403
402404
402405
402406
402407
402408
402409
402410
402411
402416
402417
402418
402419
402420
402421
402422
402423
402428
402429
402430
402431
402432
402433
402434
402435
402440
402441
402442
402443
402444
402445
402446
402447
402452
402453
402454
402455
402456
402457
402458
402459
402464
402465
402466
402467
402469
402470
402471
402476
402477
402478
402479
402480
402481
402482
402483
402484
402490
402491
402492
402493
402494
402495
402496
402497
402502
402503
402504
402505
402506
402507
402508
402514
402515
402516
402517
402518
402519
402520
402521
402526
402527
402528
402529
402530
402531
402532
402538
402539
402540
402541
402542
402543
402544
402545
402550
402551
402552
402553
402554
402555
402556
402562
402563
402564
402565
402566
402567
402568
402573
402574
402575
402576
402577
402578
402579
402580
402586
402587
402588
402589
402590
402591
402592
402597
402598
402599
402600
402601
402602
402603
402609
402610
402611
402612
402613
402614
402615
402616
402621
402622
402623
402624
402625
402626
402627
402633
402634
402635
402636
402637
402638
402639
402644
402645
402646
402647
402648
402649
402650
402656
402657
402659
402660
402661
402662
402667
402668
402669
402670
402671
402672
402673
402679
402680
402681
402682
402683
402684
402685
402690
402691
402692
402693
402694
402695
402696
402702
402703
402704
402706
402707
402708
402713
402714
402715
402716
402717
402718
402719
402725
402727
402730
402731
402736
402737
402738
402739
402740
402741
402742
402748
402749
402750
402751
402752
402753
402754
402759
402760
402761
402762
402763
402764
402765
402771
402772
402775
402776
402777
402782
402783
402784
402785
402786
402787
402788
402794
402795
402796
402797
402799
402800
402805
402806
402807
402808
402809
402810
402811
402817
402818
402819
402823
402828
402829
402830
402831
402832
402833
402834
402840
402841
402842
402843
402846
402847
402852
402853
402854
402855
402856
402857
402858
402859
402865
402866
402867
402869
402871
402872
402877
402878
402879
402880
402881
402882
402883
402884
402890
402891
402894
402895
402896
402901
402902
402903
402904
402905
402906
402907
402913
402914
402918
402919
402924
402925
402926
402927
402928
402929
402930
402936
402937
402940
402941
402942
402947
402948
402949
402950
402951
402952
402953
402959
402961
402964
402965
402970
402971
402972
402973
402974
402975
402976
402982
402983
402984
402986
402987
402988
402993
402994
402995
402996
402997
402998
402999
403005
403006
403009
403011
403016
403017
403018
403019
403020
403021
403022
403028
403029
403030
403033
403034
403039
403040
403041
403042
403043
403044
403045
403051
403054
403056
403057
403062
403063
403064
403065
403066
403067
403068
403074
403075
403076
403077
403079
403080
403085
403086
403087
403088
403089
403090
403091
403097
403098
403102
403103
403108
403109
403110
403111
403112
403113
403114
403120
403121
403122
403125
403126
403131
403132
403133
403134
403135
403136
403137
403143
403145
403147
403148
403149
403154
403155
403156
403157
403158
403159
403160
403165
403166
403168
403170
403171
403176
403177
403178
403179
403180
403181
403182
403187
403188
403189
403190
403192
403193
403198
403199
403200
403201
403202
403203
403204
403209
403211
403212
403213
403214
403215
403220
403221
403222
403223
403224
403225
403226
403231
403232
403233
403234
403236
403237
403242
403243
403244
403245
403246
403247
403248
403253
403254
403255
403256
403257
403258
403259
403264
403265
403266
403267
403268
403269
403270
403275
403276
403277
403278
403280
403281
403286
403287
403288
403289
403290
403291
403292
403297
403298
403299
403300
403302
403303
403308
403309
403310
403311
403312
403313
403314
403319
403320
403321
403322
403324
403325
403330
403331
403332
403333
403334
403335
403336
403342
403344
403345
403346
403347
403348
403349
403354
403355
403356
403357
403358
403359
403360
403365
403366
403367
403368
403369
403371
403372
403378
403379
403380
403381
403382
403383
403384
403389
403390
403391
403392
403394
403395
403396
403401
403402
403403
403404
403405
403406
403407
403413
403414
403415
403416
403417
403419
403420
403425
403426
403427
403428
403429
403430
403435
403436
403437
403438
403439
403440
403445
403446
403447
403448
403449
403450
403455
403456
403457
403458
403459
403460
403465
403466
403467
403468
403469
403470
403475
403476
403477
403478
403479
403480
403485
403486
403487
403489
403490
403491
403496
403497
403499
403500
403501
403502
403508
403509
403511
403512
403513
403514
403519
403520
403521
403523
403524
403525
403530
403531
403532
403533
403534
403535
403536
403541
403542
403543
403544
403545
403546
403547
403552
403553
403554
403556
403557
403558
403563
403564
403565
403566
403567
403568
403569
403574
403575
403576
403577
403578
403579
403580
403585
403586
403587
403589
403590
403591
403599
403600
403607
403608
403609
403610
403611
403612
403613
403621
403622
403629
403630
403631
403632
403633
403634
403635
403640
403641
403642
403643
403644
403645
403646
403651
403652
403653
403654
403655
403656
403657
403662
403663
403664
403665
403666
403667
403668
403674
403675
403676
403677
403678
403679
403680
403686
403687
403688
403689
403690
403691
403692
403698
403699
403700
403701
403702
403703
403704
403710
403711
403712
403713
403714
403715
403716
403722
403723
403724
403725
403726
403727
403728
403734
403735
403736
403737
403738
403739
403740
403746
403747
403748
403749
403750
403751
403752
403758
403759
403760
403761
403762
403763
403764
403770
403771
403772
403773
403774
403775
403776
403782
403783
403784
403785
403786
403787
403788
403794
403795
403796
403797
403798
403799
403800
403806
403807
403808
403809
403810
403811
403812
403818
403819
403820
403821
403822
403823
403824
403830
403831
403832
403833
403834
403835
403836
403842
403843
403844
403845
403846
403847
403848
403854
403855
403856
403857
403858
403859
403860
403866
403867
403868
403869
403870
403871
403872
403878
403879
403880
403881
403882
403883
403884
403890
403891
403892
403893
403894
403895
403896
403902
403903
403904
403905
403906
403907
403908
403914
403915
403916
403917
403918
403919
403920
403926
403927
403928
403929
403930
403931
403932
403938
403939
403941
403942
403943
403944
403950
403951
403952
403953
403954
403955
403956
403962
403963
403965
403966
403967
403968
403974
403975
403977
403978
403979
403980
403986
403987
403988
403990
403991
403992
403998
403999
404001
404002
404003
404004
404010
404011
404013
404014
404015
404016
404022
404024
404025
404026
404027
404028
404034
404035
404037
404038
404039
404040
404046
404047
404048
404049
404051
404052
404058
404059
404060
404061
404063
404064
404070
404071
404072
404073
404075
404076
404082
404083
404084
404085
404087
404088
404094
404095
404096
404097
404099
404100
404106
404107
404108
404110
404111
404112
404118
404119
404121
404122
404123
404124
404130
404132
404133
404134
404135
404136
404142
404145
404146
404147
404148
404157
404159
404160
404168
404171
404172
404180
404181
404183
404184
404193
404194
404196
404202
404203
404204
404205
404206
404207
404208
404214
404217
404218
404219
404220
404226
404227
404229
404230
404231
404232
404241
404244
404252
404255
404256
404265
404266
404268
404278
404279
404280
404286
404287
404290
404291
404292
404298
404299
404302
404303
404304
404311
404314
404315
404316
404324
404327
404328
404334
404335
404336
404337
404338
404339
404340
404346
404347
404350
404351
404352
404358
404359
404362
404363
404364
404370
404371
404372
404373
404374
404375
404385
404386
404393
404394
404395
404396
404398
404399
404405
404406
404407
404409
404410
404411
404412
404419
404420
404422
404423
404424
404425
404431
404432
404433
404434
404435
404436
404437
404444
404445
404448
404449
404450
404451
404457
404458
404460
404461
404462
404463
404470
404471
404473
404474
404475
404476
404482
404483
404484
404486
404488
404489
404496
404497
404499
404500
404501
404502
404508
404509
404510
404512
404513
404514
404521
404522
404523
404524
404526
404527
404528
404534
404535
404536
404537
404538
404540
404547
404548
404549
404551
404552
404553
404559
404560
404562
404563
404564
404566
404573
404574
404576
404577
404578
404579
404585
404586
404588
404589
404590
404591
404598
404599
404601
404602
404604
404605
404611
404612
404614
404615
404616
404617
404624
404625
404627
404628
404629
404630
404636
404637
404640
404641
404642
404643
404650
404651
404653
404654
404655
404656
404662
404664
404665
404666
404667
404668
404675
404676
404679
404680
404681
404682
404688
404689
404690
404692
404693
404694
404701
404702
404703
404704
404706
404707
404713
404715
404717
404718
404719
404720
404727
404728
404729
404731
404732
404733
404739
404740
404741
404742
404744
404745
404752
404753
404756
404757
404758
404759
404765
404766
404767
404769
404770
404771
404778
404779
404780
404782
404783
404784
404791
404793
404795
404796
404797
404804
404805
404806
404808
404809
404810
404816
404817
404818
404820
404821
404822
404829
404830
404832
404833
404835
404836
404842
404843
404845
404846
404847
404848
404855
404857
404858
404859
404860
404861
404867
404868
404869
404872
404873
404874
404881
404882
404884
404885
404886
404887
404893
404894
404895
404897
404898
404899
404906
404907
404908
404910
404911
404912
404918
404919
404920
404922
404923
404924
404931
404933
404934
404935
404936
404937
404943
404944
404945
404946
404947
404949
404956
404957
404958
404959
404961
404962
404968
404969
404970
404972
404973
404974
404981
404982
404984
404985
404986
404987
404993
404994
404995
404996
404998
404999
405005
405006
405007
405009
405010
405011
405017
405018
405019
405020
405021
405022
405023
405029
405030
405032
405033
405034
405035
405041
405042
405043
405045
405046
405047
405053
405054
405055
405058
405059
405065
405069
405070
405071
405077
405078
405082
405083
405089
405090
405092
405095
405096
405102
405103
405108
405109
405115
405116
405118
405121
405122
405128
405129
405135
405136
405137
405138
405139
405145
405146
405147
405148
405149
405155
405156
405157
405158
405164
405165
405166
405167
405168
405175
405176
405177
405178
405179
405186
405187
405188
405189
405195
405196
405197
405198
405199
405206
405207
405208
405209
405210
405216
405217
405218
405219
405226
405227
405228
405229
405230
405236
405237
405238
405239
405240
405247
405248
405249
405250
405251
405257
405258
405259
405260
405261
405268
405269
405270
405271
405272
405278
405279
405280
405281
405288
405289
405290
405291
405292
405302
405309
405310
405311
405312
405313
405331
405332
405333
405381
405382
405395
405413
405468
405499
405510
405511
405522
405528
405529
405530
405531
405532
405542
405549
405560
405561
405562
405563
405564
405570
405571
405572
405573
405574
405584
405585
405593
405594
405595
405615
405616
405617
405618
405619
405625
405626
405627
405628
405629
405637
405645
405646
405647
405648
405649
405658
405667
405668
405669
405670
405671
405681
405690
405691
405692
405693
405694
405703
405713
405714
405715
405716
405717
405726
405735
405736
405737
405738
405739
405749
405758
405759
405760
405761
405762
405771
405781
405782
405783
405784
405785
405792
405794
405803
405804
405805
405806
405807
405817
405826
405827
405828
405829
405830
405838
405849
405850
405851
405852
405853
405862
405871
405872
405873
405874
405875
405884
405894
405895
405897
405898
405906
405917
405918
405919
405920
405921
405930
405939
405940
405941
405942
405943
405953
405962
405963
405964
405965
405966
405974
405985
405986
405987
405988
405989
405997
406007
406008
406009
406010
406011
406020
406030
406031
406032
406033
406034
406041
406042
406045
406053
406054
406055
406056
406057
406065
406075
406076
406077
406078
406089
406098
406099
406100
406101
406102
406110
406121
406122
406123
406124
406125
406134
406143
406144
406145
406146
406147
406157
406166
406167
406168
406169
406170
406179
406180
406191
406192
406193
406202
406211
406212
406213
406214
406215
406224
406226
406227
406234
406235
406236
406237
406238
406246
406247
406249
406256
406257
406258
406259
406260
406267
406268
406269
406270
406271
406278
406279
406281
406282
406289
406290
406291
406293
406300
406302
406303
406304
406311
406312
406313
406314
406315
406322
406323
406324
406325
406326
406333
406334
406335
406336
406337
406344
406345
406346
406347
406348
406349
406356
406357
406359
406360
406361
406368
406369
406370
406371
406372
406380
406381
406382
406383
406384
406385
406392
406393
406394
406395
406396
406397
406404
406405
406406
406407
406408
406409
406417
406418
406419
406420
406421
406428
406429
406430
406431
406432
406433
406440
406441
406442
406443
406444
406445
406453
406454
406455
406456
406462
406463
406465
406476
406477
406478
406482
406483
406484
406488
406489
406490
406495
406496
406497
406501
406502
406503
406507
406508
406509
406514
406515
406516
406520
406521
406522
406527
406533
406534
406535
406539
406540
406541
406545
406546
406547
406551
406552
406553
406558
406559
406560
406564
406565
406566
406570
406571
406572
406576
406577
406578
406583
406585
406589
406590
406591
406595
406596
406597
406601
406602
406603
406608
406609
406610
406614
406615
406616
406620
406621
406622
406626
406627
406628
406633
406634
406635
406639
406640
406641
406645
406646
406647
406651
406652
406653
406657
406658
406659
406664
406665
406666
406670
406671
406672
406676
406677
406678
406682
406683
406684
406689
406690
406691
406695
406696
406697
406701
406702
406703
406707
406708
406709
406714
406715
406716
406720
406721
406722
406726
406727
406728
406732
406733
406734
406739
406740
406741
406745
406746
406747
406751
406752
406753
406757
406758
406759
406764
406765
406766
406770
406771
406772
406776
406777
406778
406782
406783
406784
406791
406809
406820
406908
406909
406915
406916
406953
406963
406982
406983
406984
406989
406990
406991
406995
406996
406997
407002
407003
407076
407077
407079
407080
407082
407083
407084
407086
407087
407089
407090
407091
407092
407093
407094
407095
407096
407097
407098
407099
407100
407101
407102
407103
407104
407105
407106
407107
407109
407110
407111
407112
407113
407114
407115
407116
407117
407118
407119
407120
407121
407122
407123
407124
407125
407126
407127
407128
407129
407130
407131
407132
407133
407134
407135
407136
407137
407138
407139
407144
407145
407146
407147
407151
407152
407153
407158
407159
407160
407161
407165
407166
407167
407172
407173
407174
407175
407179
407180
407181
407186
407187
407188
407189
407193
407194
407195
407200
407201
407202
407203
407207
407208
407209
407214
407215
407216
407217
407221
407222
407223
407228
407229
407230
407231
407235
407236
407237
407242
407243
407244
407249
407276
407322
407376
407440
407441
407507
407514
407520
407521
407522
407526
407527
407528
407529
407539
407541
407544
407545
407549
407551
407554
407555
407556
407559
407561
407565
407566
407570
407571
407574
407576
407584
407585
407589
407591
407595
407596
407600
407601
407604
407605
407609
407610
407614
407616
407620
407621
407628
407647
407649
407652
407693
407718
407744
407758
407784
407787
407789
407793
407795
407798
407800
407803
407804
407807
407816
407817
407829
407830
407835
407836
407843
407844
407850
407851
407856
407858
407864
407865
407866
407871
407872
407877
407878
407887
407888
407894
407895
407901
407902
407908
407909
407915
407916
407921
407922
407928
407929
407935
407936
407942
407943
407949
407950
407956
407957
407963
407964
407970
408015
408035
408074
408075
408076
408077
408086
408087
408088
408095
408097
408098
408103
408104
408105
408106
408107
408108
408114
408115
408116
408117
408118
408123
408124
408125
408126
408127
408128
408133
408134
408135
408136
408137
408143
408144
408145
408146
408147
408148
408153
408154
408155
408156
408157
408162
408163
408164
408165
408166
408167
408172
408173
408174
408175
408176
408182
408183
408184
408185
408186
408187
408192
408193
408194
408195
408196
408201
408202
408203
408204
408205
408206
408211
408212
408213
408214
408215
408221
408222
408223
408224
408225
408226
408231
408232
408233
408234
408235
408240
408241
408242
408243
408244
408245
408250
408251
408252
408253
408254
408259
408260
408261
408262
408263
408264
408269
408270
408271
408272
408273
408278
408279
408280
408281
408282
408283
408288
408289
408290
408291
408292
408297
408298
408299
408300
408301
408302
408307
408308
408309
408310
408311
408316
408317
408318
408319
408320
408321
408326
408327
408328
408329
408330
408335
408336
408337
408338
408339
408347
408348
408349
408350
408354
408355
408356
408357
408361
408362
408363
408364
408369
408370
408371
408372
408376
408377
408378
408379
408383
408384
408385
408386
408390
408391
408392
408393
408397
408398
408399
408400
408405
408406
408407
408408
408412
408413
408414
408415
408420
408421
408422
408423
408427
408428
408429
408430
408434
408435
408436
408437
408441
408442
408443
408444
408449
408450
408451
408452
408456
408457
408458
408459
408463
408464
408465
408466
408470
408471
408472
408473
408477
408478
408479
408480
408484
408485
408486
408487
408491
408492
408493
408494
408498
408499
408500
408501
408505
408506
408507
408508
408512
408513
408514
408515
408519
408520
408521
408522
408526
408527
408528
408529
408533
408534
408535
408536
408540
408541
408542
408543
408547
408548
408549
408550
408554
408555
408556
408557
408562
408563
408564
408565
408569
408570
408571
408572
408577
408578
408579
408580
408584
408585
408586
408587
408591
408592
408593
408594
408598
408599
408600
408601
408606
408607
408608
408609
408613
408614
408615
408616
408620
408621
408622
408623
408627
408628
408629
408630
408634
408635
408636
408637
408641
408642
408643
408644
408648
408649
408650
408651
408655
408656
408657
408658
408662
408663
408664
408665
408669
408670
408671
408672
408677
408678
408679
408680
408684
408685
408686
408687
408691
408692
408693
408694
408698
408699
408700
408701
408705
408706
408707
408708
408712
408713
408714
408715
408719
408720
408721
408722
408726
408727
408728
408729
408733
408734
408735
408736
408740
408741
408742
408743
408748
408753
408754
408755
408756
408760
408761
408762
408767
408768
408769
408773
408774
408775
408776
408781
408782
408783
408787
408788
408789
408794
408795
408796
408797
408801
408802
408803
408808
408809
408810
408811
408815
408816
408817
408822
408823
408824
408825
408829
408830
408831
408836
408837
408838
408842
408843
408844
408845
408849
408850
408851
408852
408856
408857
408858
408863
408864
408865
408866
408870
408871
408872
408877
408878
408879
408880
408884
408885
408886
408891
408892
408893
408897
408898
408899
408903
408904
408905
408906
408910
408911
408912
408916
408917
408918
408922
408923
408924
408929
408930
408931
408935
408936
408937
408938
408942
408943
408944
408948
408949
408950
408954
408955
408956
408960
408961
408962
408963
408967
408968
408969
408973
408974
408975
408979
408980
408981
408985
408986
408987
408991
408992
408993
408994
408998
408999
409000
409004
409005
409006
409010
409011
409012
409016
409017
409018
409022
409023
409024
409025
409029
409030
409031
409035
409036
409037
409038
409042
409043
409044
409048
409049
409050
409054
409055
409056
409060
409061
409062
409063
409067
409068
409069
409073
409074
409075
409079
409080
409081
409085
409086
409087
409091
409092
409093
409094
409098
409099
409100
409104
409105
409106
409110
409111
409112
409113
409117
409119
409125
409126
409127
409132
409133
409134
409139
409140
409141
409146
409147
409148
409154
409155
409156
409161
409162
409163
409168
409169
409170
409176
409177
409178
409183
409184
409185
409191
409192
409193
409198
409199
409200
409206
409207
409208
409214
409215
409216
409221
409222
409223
409228
409229
409230
409236
409237
409238
409243
409244
409245
409251
409252
409253
409259
409260
409261
409266
409267
409268
409273
409274
409275
409281
409282
409283
409289
409290
409291
409296
409297
409298
409304
409305
409306
409311
409312
409313
409319
409320
409321
409326
409327
409328
409333
409334
409335
409341
409342
409347
409348
409354
409355
409356
409361
409362
409368
409369
409375
409376
409381
409382
409383
409389
409390
409396
409397
409402
409403
409409
409410
409411
409412
409413
409417
409418
409419
409424
409425
409426
409429
409430
409435
409436
409437
409441
409442
409446
409447
409451
409452
409453
409458
409459
409464
409465
409466
409471
409472
409477
409478
409483
409484
409485
409489
409490
409495
409496
409500
409501
409502
409507
409508
409513
409514
409518
409519
409524
409525
409530
409531
409532
409537
409538
409539
409544
409545
409550
409551
409556
409557
409562
409563
409568
409569
409573
409574
409579
409580
409581
409586
409587
409591
409592
409593
409598
409599
409600
409605
409606
409607
409612
409613
409614
409619
409620
409621
409626
409627
409628
409633
409634
409635
409639
409640
409641
409646
409647
409652
409653
409654
409659
409660
409661
409665
409666
409667
409672
409673
409674
409679
409680
409681
409686
409687
409692
409693
409697
409698
409702
409703
409708
409709
409714
409715
409719
409720
409724
409725
409729
409730
409735
409736
409740
409741
409745
409746
409751
409752
409756
409757
409760
409761
409765
409766
409769
409770
409773
409774
409778
409779
409783
409784
409789
409790
409794
409795
409799
409800
409804
409805
409810
409811
409815
409816
409820
409821
409825
409826
409831
409832
409836
409837
409841
409842
409846
409847
409851
409852
409857
409858
409862
409863
409867
409868
409873
409874
409875
409879
409880
409884
409885
409890
409891
409895
409896
409900
409901
409906
409907
409911
409912
409916
409917
409921
409922
409923
409928
409929
409933
409934
409938
409939
409943
409944
409948
409949
409954
409955
409959
409960
409964
409965
409971
409975
409976
409980
409981
409982
409987
409988
409992
409993
409998
409999
410003
410004
410008
410009
410014
410015
410019
410020
410025
410026
410033
410034
410037
410038
410042
410043
410047
410048
410052
410053
410056
410057
410061
410062
410066
410067
410071
410072
410075
410076
410080
410081
410085
410089
410090
410093
410094
410098
410099
410103
410104
410108
410109
410113
410114
410118
410119
410123
410124
410128
410129
410132
410133
410137
410138
410143
410147
410148
410152
410153
410157
410158
410163
410167
410168
410171
410172
410176
410177
410180
410184
410185
410189
410190
410194
410195
410198
410199
410203
410204
410208
410209
410213
410214
410217
410221
410222
410227
410231
410232
410235
410239
410240
410244
410245
410249
410250
410253
410254
410258
410262
410263
410267
410268
410271
410275
410276
410279
410280
410284
410285
410289
410293
410294
410297
410298
410302
410303
410308
410312
410313
410317
410318
410322
410323
410327
410328
410332
410333
410337
410338
410351
410352
410356
410357
410360
410361
410364
410365
410368
410369
410374
410375
410376
410377
410383
410384
410385
410390
410391
410392
410397
410398
410399
410400
410405
410406
410407
410412
410413
410414
410419
410420
410421
410422
410427
410428
410429
410434
410435
410436
410441
410442
410443
410444
410449
410450
410451
410456
410457
410458
410463
410464
410465
410466
410471
410472
410473
410478
410479
410480
410485
410486
410487
410488
410493
410494
410495
410500
410501
410502
410507
410508
410509
410510
410515
410516
410517
410522
410523
410524
410529
410530
410531
410532
410537
410538
410539
410544
410545
410546
410551
410552
410553
410554
410559
410560
410561
410566
410567
410568
410573
410574
410575
410580
410581
410583
410588
410589
410590
410595
410596
410597
410602
410603
410604
410609
410610
410611
410616
410617
410618
410623
410624
410625
410630
410631
410632
410637
410638
410639
410644
410645
410646
410651
410652
410653
410658
410659
410660
410665
410666
410667
410672
410673
410674
410679
410680
410681
410686
410687
410688
410693
410694
410695
410700
410701
410702
410707
410708
410709
410714
410715
410716
410721
410722
410723
410728
410729
410730
410735
410736
410737
410742
410743
410744
410749
410750
410751
410756
410757
410758
410763
410764
410765
410766
410771
410772
410773
410778
410779
410780
410785
410786
410787
410792
410793
410794
410799
410800
410801
410806
410807
410808
410809
410814
410815
410816
410821
410822
410823
410828
410829
410830
410835
410836
410837
410842
410843
410844
410845
410850
410851
410852
410856
410857
410858
410863
410864
410865
410870
410871
410872
410877
410878
410879
410880
410885
410886
410887
410892
410893
410894
410899
410900
410901
410906
410907
410908
410909
410914
410915
410921
410922
410923
410928
410929
410930
410935
410936
410937
410938
410943
410944
410945
410950
410951
410952
410957
410958
410959
410965
410966
410967
410968
410973
410974
410975
410980
410981
410982
410987
410988
410989
410994
410995
410996
410997
411012
411013
411014
411015
411020
411021
411022
411023
411029
411030
411031
411032
411038
411039
411040
411041
411046
411047
411048
411049
411055
411056
411057
411058
411064
411065
411066
411067
411072
411073
411074
411075
411081
411082
411083
411084
411090
411091
411092
411093
411098
411099
411100
411101
411107
411108
411109
411110
411111
411117
411118
411119
411120
411126
411127
411128
411129
411135
411136
411137
411138
411144
411145
411146
411147
411152
411153
411154
411155
411160
411161
411162
411163
411169
411170
411171
411172
411173
411179
411180
411181
411182
411188
411189
411190
411191
411197
411198
411199
411200
411205
411206
411207
411208
411213
411214
411215
411216
411222
411223
411224
411225
411230
411231
411232
411233
411234
411240
411241
411242
411243
411249
411250
411251
411252
411258
411259
411260
411261
411266
411267
411268
411269
411270
411276
411277
411278
411279
411285
411286
411287
411288
411293
411294
411295
411296
411302
411303
411304
411305
411306
411312
411313
411314
411315
411320
411321
411322
411323
411329
411330
411331
411332
411337
411338
411339
411340
411346
411347
411348
411349
411350
411356
411357
411358
411359
411364
411365
411366
411367
411372
411373
411374
411375
411381
411382
411383
411384
411389
411390
411391
411392
411393
411399
411400
411401
411402
411408
411409
411410
411411
411416
411417
411418
411419
411424
411425
411426
411427
411433
411434
411435
411436
411437
411442
411443
411444
411445
411451
411452
411453
411454
411460
411461
411462
411463
411468
411469
411470
411471
411477
411478
411479
411480
411481
411487
411488
411489
411490
411495
411496
411497
411498
411504
411505
411506
411507
411513
411514
411515
411516
411522
411523
411524
411525
411530
411531
411532
411533
411534
411540
411541
411542
411543
411549
411550
411551
411552
411557
411558
411559
411560
411569
411570
411571
411575
411576
411577
411582
411583
411584
411588
411589
411590
411594
411595
411596
411600
411601
411602
411606
411607
411608
411612
411613
411614
411619
411620
411621
411625
411626
411627
411631
411632
411633
411637
411638
411639
411643
411644
411645
411649
411650
411651
411656
411657
411658
411662
411663
411664
411668
411669
411670
411674
411675
411676
411681
411682
411683
411687
411688
411689
411693
411694
411695
411699
411700
411701
411706
411707
411708
411712
411713
411714
411718
411719
411720
411724
411725
411726
411731
411732
411733
411737
411738
411739
411744
411745
411746
411750
411751
411752
411756
411757
411758
411763
411764
411765
411769
411770
411771
411775
411776
411777
411782
411783
411784
411788
411789
411790
411794
411795
411796
411800
411801
411802
411807
411808
411809
411813
411814
411815
411819
411820
411821
411826
411827
411828
411832
411833
411834
411838
411839
411840
411845
411846
411847
411851
411852
411853
411858
411859
411860
411864
411865
411866
411870
411871
411872
411877
411878
411879
411883
411884
411885
411889
411890
411891
411896
411897
411898
411902
411903
411904
411908
411909
411910
411915
411916
411917
411921
411922
411923
411927
411928
411929
411933
411934
411935
411940
411941
411945
411946
411950
411951
411956
411957
411961
411962
411966
411967
411972
411973
411977
411978
411982
411983
411992
411993
411994
411995
412001
412002
412003
412010
412011
412012
412013
412019
412020
412021
412022
412028
412029
412030
412037
412038
412039
412040
412046
412047
412048
412049
412055
412056
412057
412064
412065
412066
412067
412073
412074
412075
412076
412082
412083
412084
412091
412092
412093
412094
412100
412101
412102
412103
412109
412110
412111
412118
412119
412120
412121
412127
412128
412129
412130
412137
412138
412139
412145
412146
412147
412148
412155
412156
412157
412158
412164
412165
412166
412173
412174
412175
412176
412182
412183
412184
412185
412191
412192
412193
412200
412201
412202
412203
412209
412210
412211
412212
412218
412219
412220
412227
412228
412229
412230
412236
412237
412238
412239
412245
412246
412247
412254
412255
412256
412257
412263
412264
412265
412266
412273
412274
412275
412281
412282
412283
412284
412291
412292
412293
412294
412300
412301
412302
412309
412310
412311
412312
412318
412319
412320
412321
412327
412328
412329
412336
412337
412338
412339
412345
412346
412347
412348
412354
412355
412356
412363
412364
412365
412366
412372
412373
412374
412375
412381
412382
412383
412390
412391
412392
412393
412399
412400
412401
412402
412408
412409
412410
412417
412418
412419
412420
412426
412427
412428
412429
412435
412436
412437
412444
412445
412446
412447
412453
412454
412455
412456
412462
412463
412464
412471
412472
412473
412474
412480
412481
412482
412483
412490
412491
412492
412498
412499
412500
412501
412507
412508
412509
412510
412517
412518
412519
412525
412526
412527
412528
412534
412535
412536
412537
412544
412545
412546
412552
412553
412554
412555
412562
412563
412564
412565
412571
412572
412573
412579
412580
412581
412582
412589
412590
412591
412592
412598
412599
412600
412606
412607
412608
412609
412616
412617
412618
412619
412625
412626
412627
412633
412634
412635
412636
412643
412644
412645
412646
412652
412653
412654
412660
412661
412662
412663
412670
412671
412672
412673
412679
412680
412681
412687
412688
412689
412690
412697
412698
412699
412700
412706
412707
412708
412714
412715
412716
412717
412723
412724
412725
412726
412732
412733
412734
412741
412742
412743
412744
412750
412751
412752
412753
412759
412760
412761
412767
412768
412769
412770
412776
412777
412778
412779
412785
412786
412787
412788
412792
412793
412794
412797
412798
412801
412802
412807
412822
412823
412836
412851
412866
412871
412875
412881
412895
412911
412915
412917
412921
412922
412925
412926
412930
412931
412932
412935
412936
412940
412941
412945
412946
412947
412950
412951
412955
412956
412960
412961
412962
412965
412966
412970
412971
412974
412975
412976
412980
412981
412984
412985
412989
412990
412991
412995
412996
412997
413001
413002
413005
413006
413007
413011
413012
413015
413016
413020
413021
413022
413025
413026
413030
413031
413034
413035
413036
413040
413041
413045
413046
413047
413050
413051
413052
413057
413061
413062
413063
413066
413067
413071
413072
413076
413077
413078
413081
413082
413083
413087
413088
413092
413093
413094
413098
413099
413102
413103
413107
413108
413109
413112
413113
413117
413118
413121
413122
413123
413127
413128
413129
413137
413138
413139
413152
413153
413166
413171
413172
413173
413178
413179
413180
413181
413186
413187
413188
413193
413194
413195
413199
413200
413201
413206
413207
413208
413209
413214
413215
413216
413221
413222
413223
413224
413229
413230
413231
413236
413237
413238
413242
413243
413244
413249
413250
413251
413252
413258
413259
413264
413265
413266
413271
413272
413273
413279
413280
413281
413286
413287
413288
413293
413294
413295
413296
413300
413301
413302
413307
413308
413309
413314
413315
413316
413321
413322
413323
413324
413329
413330
413331
413336
413337
413338
413343
413344
413345
413350
413351
413352
413353
413358
413359
413360
413364
413365
413366
413367
413372
413373
413374
413379
413380
413381
413387
413388
413394
413395
413396
413401
413402
413403
413409
413410
413411
413416
413417
413424
413429
413430
413431
413436
413437
413438
413439
413444
413445
413446
413452
413453
413454
413458
413459
413460
413465
413466
413467
413468
413474
413475
413481
413482
413483
413488
413489
413490
413496
413497
413498
413509
413510
413511
413512
413517
413518
413519
413524
413525
413526
413527
413532
413533
413534
413541
413542
413569
413570
413571
413572
413579
413584
413585
413586
413587
413592
413593
413594
413600
413601
413602
413607
413608
413609
413614
413615
413616
413621
413622
413623
413631
413635
413636
413637
413643
413644
413645
413656
413657
413658
413659
413660
413667
413668
413669
413670
413671
413678
413679
413680
413681
413688
413689
413690
413691
413692
413699
413700
413701
413702
413709
413710
413711
413712
413713
413720
413721
413722
413723
413724
413731
413732
413733
413734
413735
413741
413742
413743
413744
413751
413752
413753
413754
413755
413762
413763
413764
413765
413766
413773
413774
413775
413776
413783
413784
413785
413786
413787
413794
413795
413796
413797
413798
413804
413805
413806
413807
413814
413815
413816
413817
413818
413824
413825
413826
413827
413828
413835
413836
413837
413838
413839
413846
413847
413848
413849
413850
413857
413858
413859
413860
413861
413868
413869
413870
413871
413872
413879
413880
413881
413882
413883
413890
413891
413892
413893
413894
413901
413902
413903
413904
413905
413912
413913
413914
413915
413916
413917
413923
413924
413925
413926
413933
413934
413935
413936
413937
413944
413945
413946
413947
413948
413955
413956
413957
413958
413959
413966
413967
413968
413969
413976
413977
413978
413979
413980
413986
413987
413988
413989
413996
413997
413998
413999
414005
414006
414007
414008
414009
414016
414017
414018
414019
414026
414027
414028
414029
414035
414036
414037
414038
414039
414046
414047
414048
414049
414056
414057
414058
414059
414060
