100862
100064
100079
100087
100089
100095
100101
100107
100111
100114
100116
100121
100122
100133
100136
100140
100143
100148
100151
100159
100160
100172
100174
100178
100204
100221
100230
100241
100248
100260
100261
100268
100280
100282
100283
100285
100287
100288
100290
100292
100294
100310
100311
100317
100346
100348
100352
100354
100356
100359
100365
100369
100385
100397
100411
100415
100416
100418
100419
100426
100436
100445
100451
100452
100454
100461
100465
100477
100480
100482
100484
100491
100508
100513
100515
100518
100526
100542
100568
100573
100592
100595
100602
100613
100620
100622
100629
100643
100652
100656
100658
100661
100663
100684
100696
100708
100713
100743
100755
100756
100764
100789
100796
100799
100800
100807
100811
100828
100835
100839
100841
100847
100849
100864
100867
100872
100877
100878
100881
100890
100898
100902
100906
100917
100937
100947
100954
100956
100961
100964
100967
100968
100970
100985
101003
101008
101011
101022
101023
101035
101043
101049
101056
101062
101066
101074
101077
101079
101106
101108
101111
101117
101139
101144
101146
101156
101157
101179
101182
101217
101277
101280
101300
101303
101315
101321
101322
101324
101328
101333
101343
101346
101349
101356
101385
100077
100105
100110
100118
100128
100134
100180
100190
100193
100196
100200
100207
100223
100231
100237
100263
100276
100277
100279
100296
100297
100308
100318
100320
100329
100335
100338
100344
100350
100371
100380
100386
100388
100392
100399
100409
100413
100417
100420
100422
100424
100433
100442
100446
100449
100457
100496
100498
100499
100503
100522
100525
100550
100556
100557
100560
100571
100579
100589
100594
100598
100603
100610
100612
100618
100624
100642
100647
100654
100655
100659
100666
100674
100678
100682
100687
100689
100692
100699
100703
100710
100711
100714
100716
100720
100733
100735
100740
100742
100746
100750
100752
100759
100783
100786
100805
100806
100808
100823
100836
100842
100855
100857
100865
100868
100874
100875
100896
100908
100925
100928
100929
100939
100941
100943
100945
100951
100958
100974
100975
100977
100978
100986
100989
100990
100992
100993
100994
101012
101017
101019
101020
101050
101054
101069
101070
101081
101107
101110
101112
101114
101120
101124
101125
101126
101128
101131
101133
101134
101136
101137
101143
101149
101150
101162
101163
101165
101168
101169
101176
101181
101187
101188
101191
101216
101223
101305
101318
101326
101330
101336
101338
101344
101347
101395
100067
100075
100076
100078
100091
100103
100106
100109
100112
100113
100117
100123
100126
100131
100138
100147
100154
100158
100161
100164
100181
100183
100185
100189
100191
100194
100199
100205
100219
100224
100236
100238
100251
100262
100264
100270
100272
100275
100281
100298
100300
100307
100326
100328
100330
100332
100334
100336
100341
100343
100349
100351
100353
100355
100357
100358
100362
100366
100370
100377
100379
100382
100387
100396
100402
100407
100423
100429
100435
100437
100438
100441
100444
100447
100456
100459
100488
100497
100501
100504
100506
100517
100524
100532
100540
100546
100551
100559
100574
100577
100583
100588
100608
100611
100623
100630
100646
100648
100668
100675
100677
100679
100683
100688
100717
100721
100726
100734
100745
100768
100774
100782
100788
100813
100824
100834
100852
100858
100876
100886
100889
100897
100907
100909
100911
100913
100919
100924
100932
100936
100940
100944
100946
100949
100955
100957
100960
100969
101018
101021
101024
101028
101030
101032
101038
101046
101052
101055
101071
101073
101080
101084
101105
101123
101135
101158
101164
101167
101171
101178
101189
101208
101220
101248
101266
101274
101292
101307
101339
101355
101366
101375
101379
101390
101393
101400
100063
100065
100070
100073
100081
100083
100086
100088
100094
100096
100099
100115
100119
100120
100125
100129
100132
100135
100141
100145
100149
100152
100157
100163
100167
100168
100170
100173
100175
100177
100179
100186
100187
100197
100202
100209
100213
100216
100222
100227
100229
100232
100240
100242
100244
100246
100247
100249
100253
100255
100257
100259
100266
100267
100278
100284
100286
100289
100291
100293
100295
100302
100309
100312
100314
100319
100323
100325
100337
100347
100360
100364
100368
100372
100374
100384
100389
100391
100393
100398
100400
100405
100410
100412
100425
100427
100434
100450
100453
100462
100464
100466
100469
100471
100476
100478
100481
100485
100492
100494
100509
100512
100514
100519
100521
100527
100529
100534
100537
100543
100549
100553
100562
100564
100566
100569
100572
100575
100580
100585
100593
100599
100601
100604
100606
100614
100616
100619
100621
100625
100627
100634
100637
100644
100650
100662
100670
100673
100676
100681
100685
100700
100702
100704
100706
100709
100712
100724
100732
100736
100738
100739
100741
100748
100749
100754
100766
100770
100772
100776
100778
100780
100784
100791
100794
100801
100803
100810
100820
100822
100837
100840
100846
100850
100856
100860
100861
100866
100869
100873
100880
100892
100895
100899
100901
100903
100915
100921
100923
100938
100942
100952
100962
100966
100972
100998
100999
101001
101002
101004
101006
101007
101010
101013
101015
101026
101034
101036
101040
101042
101045
101048
101057
101059
101060
101063
101065
101068
101075
101078
101082
101109
101113
101115
101119
101121
101127
101130
101132
101147
101152
101155
101180
101183
101185
101186
101199
101202
101211
101225
101232
101235
101238
101241
101244
101252
101256
101259
101270
101279
101286
101298
101302
101311
101325
101329
101332
101335
101348
101358
101362
101369
101383
101386
100062
100066
100068
100069
100071
100072
100080
100082
100084
100093
100097
100098
100100
100102
100104
100108
100124
100130
100139
100144
100146
100150
100153
100155
100162
100166
100169
100171
100176
100184
100192
100201
100203
100206
100208
100210
100211
100212
100214
100215
100217
100218
100220
100225
100226
100228
100250
100256
100265
100303
100304
100313
100315
100322
100324
100327
100331
100333
100363
100367
100373
100375
100376
100378
100383
100390
100394
100395
100406
100408
100414
100431
100439
100443
100455
100463
100467
100468
100470
100472
100473
100474
100475
100486
100489
100493
100500
100510
100520
100523
100530
100531
100535
100536
100538
100541
100544
100545
100548
100552
100554
100561
100581
100582
100590
100597
100605
100609
100617
100626
100628
100633
100635
100649
100653
100657
100660
100665
100669
100671
100691
100707
100715
100719
100723
100727
100728
100730
100737
100753
100757
100762
100765
100773
100781
100785
100787
100790
100793
100795
100797
100798
100802
100804
100814
100815
100816
100819
100825
100830
100831
100833
100838
100843
100854
100870
100871
100879
100884
100887
100888
100893
100894
100900
100904
100910
100920
100926
100930
100931
100950
100953
100963
100965
100973
100976
100979
100987
100988
100995
100997
101005
101014
101025
101027
101029
101031
101039
101041
101044
101047
101058
101061
101064
101076
101091
101092
101093
101096
101097
101099
101101
101103
101104
101118
101122
101129
101153
101160
101173
101205
101213
101218
101221
101226
101228
101233
101282
101319
101340
101352
101353
101360
101367
101372
101378
101380
101397
101398
100060
100074
100085
100090
100092
100127
100137
100142
100156
100165
100182
100188
100195
100198
100233
100235
100245
100254
100269
100271
100273
100274
100299
100301
100306
100340
100342
100361
100381
100403
100404
100428
100430
100440
100448
100458
100460
100479
100483
100487
100490
100495
100502
100505
100507
100511
100516
100528
100533
100539
100547
100558
100563
100565
100570
100576
100578
100584
100586
100591
100600
100607
100615
100631
100632
100638
100639
100640
100641
100645
100651
100664
100667
100680
100686
100690
100701
100718
100722
100725
100729
100731
100744
100747
100767
100769
100771
100775
100777
100779
100792
100809
100812
100817
100821
100844
100848
100851
100853
100859
100882
100885
100891
100905
100914
100916
100922
100933
100934
100935
100948
100959
100971
100980
100981
100982
100984
100991
100996
101000
101016
101033
101037
101051
101053
101067
101072
101083
101086
101089
101090
101094
101098
101102
101116
101142
101151
101154
101159
101161
101166
101170
101172
101174
101175
101177
101184
101190
101236
101239
101258
101272
101275
101295
101342
101351
101370
101374
101376
101382
101387
101391
101422
101430
101435
101437
101462
101469
101471
101473
101475
101481
101484
101488
101491
101496
101503
101507
101512
101516
101532
101535
101556
101570
101576
101587
101624
101630
101639
101641
101645
101664
101681
101721
101736
101751
101756
101763
101402
101418
101439
101447
101450
101453
101455
101461
101465
101466
101478
101486
101501
101525
101530
101542
101551
101553
101579
101593
101635
101637
101644
101647
101650
101653
101655
101658
101661
101662
101667
101670
101672
101673
101677
101679
101683
101684
101695
101699
101702
101707
101714
101717
101733
101734
101742
101761
101765
101768
101786
101811
101827
101829
102456
102461
102463
102466
102467
102468
102469
102471
102472
102486
102489
102490
102494
102495
102496
102497
102499
102503
102505
102507
102509
102511
102516
102532
102533
102535
102540
102541
102542
102545
102547
102549
102569
102570
102578
102579
102580
102584
102596
102599
102603
102604
102607
102611
102616
102617
102619
102620
102623
102627
102632
102633
102639
102642
102646
102648
102649
102650
102652
102653
102654
102655
102656
102658
102660
102664
102668
102672
102674
102679
102681
102683
102687
102691
102693
102694
102722
102723
102727
102730
102763
102765
102766
102773
102774
102776
102777
102778
102782
102820
102823
102824
102825
102826
102827
102829
102831
102832
102833
102836
102837
102838
102845
102849
102850
102851
102852
102853
102854
102856
102857
102858
102861
102865
102874
102875
102888
102890
102892
102898
102906
102918
102919
102924
102925
102929
102931
102932
102936
102937
102940
102941
102946
102948
102949
102950
102956
102960
102961
102962
102965
102967
102970
102979
102982
102984
102985
102987
102988
102993
103002
103004
103009
103010
103013
103015
103018
103022
103023
103036
103039
103042
103044
103046
103048
103053
103056
103060
103219
103221
103234
103257
103258
103259
103262
103264
103269
103271
103272
103273
103274
103310
103322
103323
103324
103329
103330
103332
103336
103340
103348
103351
103352
103353
103364
103370
103375
103394
103415
103422
103423
103440
103452
101403
101406
101416
101420
101429
101433
101477
101492
101500
101504
101529
101574
101578
101581
101610
101618
101634
101638
101642
101665
101671
101682
101716
101725
101728
101731
101770
101777
101781
101804
101816
101836
101856
101859
101865
101869
101893
101901
101904
101923
103065
103174
103175
103177
103183
103184
103189
103190
103261
103316
103320
103325
103438
103444
103447
103457
103461
103462
103464
103495
103501
103502
103535
103536
103540
103564
103572
103573
103574
103587
103594
103630
103631
103645
103663
103695
103701
103702
103708
103709
103730
103735
103736
103744
103773
103785
103792
103795
103799
103832
103846
103856
103860
103894
103904
104153
104154
104159
104160
104161
104164
104165
104200
104201
104203
104205
104214
104219
104249
104254
104256
104258
104259
104260
104261
104262
104266
104268
104270
104272
104275
104285
104300
104327
104341
104400
104420
104453
104458
104462
104468
104475
104618
104622
104626
104627
104628
104629
104630
104633
104637
104640
104667
104675
104696
104699
104705
104709
104715
104721
104773
104774
104780
104790
104791
104795
104843
104845
104848
104851
104853
104854
104861
104881
104883
104915
104917
104919
104920
104924
104925
104927
104955
104956
104961
104971
104993
104998
101401
101404
101417
101425
101426
101434
101445
101449
101451
101467
101508
101513
101523
101526
101527
101533
101540
101544
101550
101552
101555
101559
101561
101562
101575
101603
101608
101615
101626
101668
101669
101678
101680
101685
101688
101689
101690
101691
101692
101693
101737
101739
101740
101741
101743
101750
101754
101758
101766
101783
101784
101787
101788
101799
101801
101806
101807
101815
101823
101824
101825
101826
101831
101841
101846
101853
101860
101871
101875
101887
101909
101919
101936
101951
101968
101996
102005
102007
102010
102012
102014
102020
102026
102030
102039
102049
102052
102055
102059
102061
102066
102067
102075
102091
102196
102198
102199
102205
102212
102215
102222
102226
102240
102242
102243
102269
102279
102281
102283
102332
102333
102338
102340
102341
102342
102343
102411
102412
102419
102455
102459
102475
102573
102574
102592
102661
102667
102684
102707
102708
102712
102817
102840
102843
102844
102846
102848
102855
102955
102963
102973
102974
102975
103016
103028
103033
103034
103035
103067
103108
103116
103154
103214
103226
103227
103266
103302
103321
103368
103431
103441
103454
103470
103471
103477
103478
103487
103490
103491
103551
103552
103558
103560
103566
103623
103626
103628
103632
103633
103666
103669
103671
103672
103675
101409
101412
101424
101436
101440
101452
101456
101460
101472
101480
101483
101487
101490
101495
101509
101514
101518
101534
101545
101568
101586
101590
101602
101613
101616
101621
101627
101675
101687
101696
101700
101703
101706
101710
101713
101719
101722
101746
101757
101795
101798
101820
101840
101862
101878
101890
101897
101910
101939
101942
101948
101959
104659
104662
104663
104664
101411
101421
101428
101441
101468
101474
101537
101563
101567
101582
101584
101589
101592
101595
101598
101600
101604
101620
101648
101656
101659
101666
101674
101697
101701
101704
101726
101735
101767
101791
101802
101830
101849
101864
101870
101873
101876
101879
101883
101906
101918
101924
101962
101965
102476
102482
101407
101413
101415
101432
101444
101458
101463
101494
101498
101499
101505
101515
101520
101539
101548
101549
101558
101572
101594
101597
101606
101607
101611
101625
101631
101632
101708
101711
101730
101745
101749
101753
101774
101776
101792
101793
101796
101814
101822
101832
101838
101868
101872
101888
101894
101900
101903
101912
101913
101915
101930
101934
101944
101950
103143
103404
103405
103407
103421
103465
103526
103528
101674101966
101986
101991
101995
102006
102013
102041
102056
102070
102074
102077
102087
102092
102102
102127
102132
102140
102193
102239
102265
102278
102282
102285
102358
102361
102365
102372
102376
102384
102390
102393
102396
102399
102406
102414
102420
102423
102427
102435
102438
102441
102460
102470
102473
102493
102510
102513
102537
102543
102550
102567
102586
102589
102605
102612
102625
102665
102680
102701
102711
102714
102716
102728
102731
102737
102740
102743
102746
102749
102755
102758
102761
102767
102770
102793
102796
102799
102806
102809
102812
102818
102822
102830
102841
102864
102876
102884
102896
102900
102907
102930
102953
102989
102992
101975
101987
101992
102021
102031
102033
102042
102058
102071
102078
102085
102105
102115
102125
102130
102133
102144
102146
102153
102159
102166
102177
102197
102207
102209
102211
102214
102217
102218
102227
102230
102233
102248
102255
102257
102260
102266
102268
102286
102288
102298
102303
102314
102318
102320
102325
102357
102381
102394
102397
102410
102424
102429
102436
102439
102464
102522
102531
102551
102560
102591
102601
102610
102626
102634
102643
102670
102673
102697
102709
102710
102715
102733
102741
102744
102748
102768
102771
102783
102788
102794
102795
102797
102863
102870
102881
102882
102889
102897
102905
102915
102917
102943
102952
102968
102971
102980
102997
101969
101972
101982
102000
102011
102019
102035
102047
102054
102057
102060
102080
102083
102090
102093
102118
102120
102123
102143
102162
102173
102174
102184
102187
102189
102203
102221
102235
102237
102246
102254
102261
102276
102277
102280
102307
102335
102337
102345
102347
102353
102355
102359
102363
102367
102374
102380
102382
102385
102405
102408
102416
102491
102501
102512
102515
102528
102565
102571
102582
102593
102597
102608
102613
102615
102622
102624
102636
102645
102651
102663
102676
102685
102688
102690
102696
102720
102732
102747
102756
102757
102780
102802
102804
102808
102821
102859
102862
102867
102886
102909
102922
102935
102938
102964
102976
102977
101967
101973
101976
101978
102002
102024
102029
102037
102044
102068
102088
102095
102098
102108
102110
102113
102152
102156
102170
102180
102206
102213
102224
102228
102249
102250
102263
102273
102290
102297
102300
102302
102304
102306
102310
102311
102316
102317
102322
102323
102326
102327
102388
102391
102401
102422
102425
102428
102432
102433
102442
102443
102446
102449
102453
102457
102462
102465
102480
102485
102518
102524
102534
102552
102556
102566
102575
102629
102631
102641
102704
102717
102724
102729
102736
102739
102751
102753
102760
102772
102775
102779
102786
102789
102811
102814
102819
102835
102866
102873
102885
102901
102913
102928
102944
102958
102959
102999
101970
101979
102018
102023
102028
102046
102051
102082
102097
102107
102112
102117
102122
102148
102151
102154
102158
102175
102179
102186
102202
102272
102294
102308
102331
102334
102346
102354
102369
102379
102387
102403
102417
102445
102448
102451
102504
102553
102557
102561
102564
102576
102595
102598
102602
102609
102618
102621
102628
102637
102662
102678
102698
102703
102706
102719
102725
102734
102752
102764
102803
102815
102868
102872
102880
102903
102911
102927
102934
102947
102983
102986
102996
101981
101984
101989
101998
102004
102009
102016
102063
102065
102100
102103
102128
102135
102137
102139
102141
102161
102163
102165
102168
102172
102182
102188
102191
102194
102195
102201
102210
102231
102238
102241
102245
102252
102270
102274
102292
102312
102329
102330
102339
102349
102351
102362
102366
102370
102373
102377
102402
102413
102478
102484
102487
102519
102525
102546
102558
102563
102606
102614
102635
102638
102647
102700
102718
102784
102790
102792
102800
102842
102860
102877
102878
102893
102894
102920
102933
102995
102038
102069
102109
102149
102171
102364
102454
102506
102529
102568
102879
102899
101985
102034
102096
102136
102208
102216
102259
102289
102299
102313
102319
102386
102398
102434
102477
102666
102713
102801
102847
102902
102912
102926
102951
102957
101980
102015
102086
102328
102415
102544
102590
102008
102022
102025
102036
102043
102045
102048
102053
102089
102099
102147
102155
102157
102181
102183
102264
102275
102301
102383
102395
102400
102407
102418
102440
102450
102474
102500
102517
102538
102587
102594
102705
102721
102738
102742
102745
102750
102754
102759
102762
102807
102813
102871
102887
102904
102945
102954
102969
102972
102990
101971
101977
101983
101993
101994
101997
102040
102081
102114
102119
102124
102129
102145
102167
102178
102192
102204
102219
102220
102258
102287
102291
102296
102305
102309
102321
102360
102378
102404
102437
102452
102479
102481
102521
102523
102530
102536
102555
102559
102562
102630
102640
102644
102657
102699
102702
102726
102735
102781
102791
102798
102805
102816
102828
102869
102891
102895
102910
102923
101990
102032
102072
102076
102079
102106
102111
102116
102121
102131
102150
102185
102223
102244
102247
102256
102267
102271
102284
102293
102295
102315
102336
102392
102447
102508
102526
102527
102539
102548
102554
102572
102577
102600
102659
102671
102675
102769
102839
102908
102939
102942
102966
102991
102994
101974
101988
102017
102027
102050
102073
102084
102094
102104
102126
102169
102176
102190
102200
102225
102229
102251
102253
102262
102324
102344
102368
102375
102389
102421
102426
102431
102458
102483
102492
102514
102520
102585
102588
102669
102810
102883
102978
101999
102003
102064
102142
102160
102164
102232
102348
102356
102409
102498
102502
102583
102677
102682
102689
102695
102785
102787
102914
102916
102101
102371
102444
102981
102001
102134
102138
102234
102236
102352
102488
102581
102692
102998
103000
102062
102350
102686
102921
102834
103011
103026
103029
103088
103094
103118
103129
103150
103159
103168
103200
103209
103225
103230
103240
103270
103276
103291
103295
103304
103334
103359
103366
103374
103378
103382
103416
103429
103433
103458
103474
103476
103484
103489
103518
103521
103534
103550
103557
103563
103565
103570
103577
103586
103598
103603
103607
103614
103621
103629
103634
103639
103654
103678
103684
103691
103696
103698
103703
103726
103732
103738
103742
103745
103750
103753
103768
103775
103781
103806
103816
103823
103825
103829
103831
103835
103840
103842
103851
103853
103865
103870
103882
103905
103908
103910
103925
103931
103974
104004
104025
104028
104033
104038
104049
104054
104062
104069
104074
104084
104088
104090
104112
104120
104125
104134
104144
104152
104166
104183
104191
104198
104221
104226
104246
104253
104298
104318
104343
104348
104358
104370
104373
104392
104412
104416
104439
104449
104460
104464
104470
104478
104488
104493
104498
104523
104533
104545
104561
104579
104582
104595
104648
104690
104722
104756
104759
104772
104783
104797
104826
104852
104921
104929
104939
104983
104996
105009
105014
105046
105056
105083
105086
105110
105122
105161
105173
105175
105221
105246
105272
105311
105323
105339
105343
105360
105388
105402
105418
105425
105428
105433
105439
105480
105502
105508
105533
105574
105590
105599
105624
105651
105675
105744
105771
105783
105792
105843
105862
105886
105899
105912
105917
105924
105964
105987
103005
103024
103030
103032
103045
103061
103073
103099
103102
103119
103127
103133
103142
103146
103151
103167
103194
103204
103206
103210
103222
103284
103292
103294
103296
103299
103314
103333
103338
103346
103367
103372
103383
103387
103401
103408
103428
103432
103443
103451
103466
103469
103475
103503
103517
103520
103532
103541
103578
103599
103602
103604
103613
103622
103635
103655
103662
103673
103676
103679
103688
103697
103723
103731
103737
103740
103743
103763
103769
103772
103774
103780
103783
103791
103803
103805
103807
103841
103847
103852
103867
103868
103891
103895
103924
103936
103940
103953
103954
103958
103967
103972
103976
103977
103979
103985
103988
103994
103999
104020
104022
104024
104026
104039
104051
104056
104063
104066
104070
104072
104078
104081
104083
104094
104102
104111
104121
104126
104157
104167
104168
104180
104181
104184
104193
104196
104199
104210
104217
104218
104222
104223
104231
104250
104251
104255
104267
104269
104276
104283
104293
104299
104302
104306
104308
104313
104314
104319
104329
104334
104345
104357
104363
104365
104379
104396
104399
104402
104407
104414
104417
104427
104441
104447
104457
104461
104463
104465
104469
104477
104479
104483
104492
104495
104497
104499
104501
104519
104538
104542
104547
104559
104602
104606
104610
104624
104636
104641
104642
104643
104656
104661
104668
104670
104683
104687
104706
104727
104731
104735
104743
104749
104753
104767
104787
104793
104796
104799
104804
104829
104835
104838
104842
104850
104864
104878
104880
104887
104889
104903
104949
104953
104960
104987
105005
105007
105031
105057
105066
105076
105087
105106
105120
105121
105135
105141
105142
105151
105152
105157
105176
105178
105193
105194
105200
105201
105205
105218
105219
105222
105225
105234
105236
105245
105254
105261
105274
105288
105299
105303
105306
105314
105337
105340
105372
105380
105385
105395
105404
105414
105415
105416
105419
105423
105452
105463
105466
105467
105479
105481
105488
105492
105498
105513
105515
105578
105582
105588
105589
105596
105607
105612
105622
105625
105634
105662
105676
105686
105695
105715
105720
105727
105733
105734
105741
105742
105748
105753
105767
105768
105772
105803
105807
105835
105840
105842
105844
105867
105878
105887
105892
105903
105906
105923
105928
105931
105941
105945
105950
105951
105952
105959
105966
105970
105975
105989
106000
103007
103014
103017
103021
103027
103038
103041
103051
103058
103064
103075
103077
103087
103090
103115
103117
103137
103141
103152
103158
103161
103169
103171
103176
103187
103197
103198
103220
103236
103244
103252
103255
103268
103278
103282
103286
103300
103306
103315
103319
103326
103328
103339
103342
103347
103361
103373
103381
103399
103400
103426
103434
103437
103442
103445
103449
103473
103483
103492
103498
103505
103509
103513
103537
103542
103543
103545
103553
103559
103568
103583
103585
103588
103591
103597
103617
103618
103624
103627
103642
103651
103659
103661
103677
103681
103682
103687
103706
103710
103715
103722
103727
103733
103755
103757
103765
103776
103784
103787
103800
103809
103817
103819
103826
103828
103834
103843
103845
103858
103874
103878
103883
103887
103897
103911
103913
103916
103917
103921
103928
103941
103945
103956
103987
104010
104015
104041
104043
104047
104053
104059
104065
104085
104106
104141
104163
104186
104195
104224
104233
104239
104243
104273
104274
104277
104281
104294
104296
104304
104309
104323
104352
104359
104371
104375
104409
104411
104415
104419
104432
104440
104442
104445
104451
104455
104472
104487
104494
104502
104504
104507
104521
104526
104531
104552
104570
104574
104577
104580
104591
104597
104600
104612
104621
104625
104638
104647
104655
104671
104677
104700
104703
104704
104712
104719
104725
104729
104742
104763
104776
104802
104809
104849
104892
104893
104895
104907
104923
104974
105002
105015
105021
105033
105037
105041
105043
105052
105061
105064
105074
105077
105090
105098
105099
105101
105104
105117
105123
105130
105156
105158
105162
105184
105187
105196
105202
105209
105211
105228
105264
105309
105316
105328
105367
105374
105375
105389
105391
105399
105400
105403
105405
105408
105427
105430
105444
105448
105450
105458
105461
105469
105472
105475
105509
105511
105512
105519
105576
105586
105603
105627
105631
105641
105642
105645
105665
105671
105687
105691
105693
105745
105755
105804
105815
105818
105828
105841
105855
105860
105875
105879
105883
105904
105911
105914
105926
105933
105936
105942
105946
105969
105972
105985
103012
103047
103055
103062
103071
103072
103081
103083
103085
103091
103093
103097
103100
103103
103105
103111
103113
103121
103122
103123
103128
103131
103135
103139
103144
103155
103157
103163
103164
103165
103178
103180
103188
103201
103202
103205
103208
103211
103212
103216
103217
103224
103228
103231
103232
103235
103248
103263
103267
103275
103288
103290
103303
103312
103331
103335
103354
103356
103358
103385
103386
103397
103411
103418
103420
103430
103450
103456
103459
103479
103488
103494
103515
103519
103525
103548
103562
103567
103571
103576
103580
103590
103593
103606
103609
103611
103612
103638
103644
103647
103648
103649
103656
103665
103689
103692
103694
103700
103712
103713
103716
103718
103720
103734
103747
103748
103751
103770
103778
103782
103788
103793
103797
103802
103804
103808
103811
103813
103814
103820
103822
103837
103838
103850
103901
103929
103933
103939
103947
103951
103960
103964
103968
103971
103983
103991
103995
103998
104001
104011
104017
104021
104035
104046
104050
104058
104061
104073
104077
104080
104087
104103
104109
104114
104118
104122
104123
104124
104148
104149
104151
104171
104172
104175
104178
104190
104208
104245
104263
104288
104295
104301
104317
104326
104336
104338
104344
104347
104361
104378
104382
104384
104424
104429
104434
104446
104448
104480
104484
104485
104500
104505
104513
104515
104528
104536
104550
104565
104571
104592
104594
104605
104607
104611
104653
104694
104716
104760
104771
104782
104788
104815
104825
104833
104836
104839
104863
104869
104875
104876
104879
104896
104898
104914
104928
104931
104934
104982
104990
105003
105011
105017
105020
105026
105029
105034
105035
105047
105053
105065
105080
105094
105125
105139
105147
105149
105165
105168
105179
105185
105210
105224
105237
105271
105285
105297
105315
105325
105333
105342
105350
105353
105371
105379
105381
105383
105393
105394
105397
105424
105432
105442
105445
105454
105459
105465
105477
105478
105482
105484
105490
105494
105496
105503
105505
105580
105616
105619
105630
105638
105648
105653
105657
105663
105678
105681
105682
105694
105698
105699
105702
105706
105711
105718
105738
105751
105758
105762
105765
105777
105780
105793
105799
105801
105832
105850
105852
105859
105870
105872
105884
105888
105891
105896
105901
105908
105925
105935
105939
105961
105967
105991
105994
103008
103020
103068
103074
103084
103110
103114
103125
103196
103213
103218
103260
103287
103318
103327
103337
103343
103355
103363
103371
103413
103425
103436
103455
103460
103463
103468
103480
103493
103499
103506
103514
103524
103527
103531
103544
103546
103575
103581
103589
103592
103596
103601
103643
103650
103660
103667
103686
103707
103711
103717
103721
103758
103760
103777
103786
103789
103794
103801
103810
103821
103827
103833
103849
103873
103875
103877
103896
103900
103915
103920
103937
103943
103949
103955
103962
103969
103982
103990
103997
104007
104012
104014
104019
104036
104042
104108
104117
104127
104139
104146
104170
104279
104284
104303
104311
104337
104356
104410
104421
104426
104430
104437
104444
104482
104535
104540
104549
104555
104566
104686
104707
104720
104726
104739
104779
104830
104918
104945
104969
105089
105097
105103
105126
105143
105217
105227
105233
105248
105251
105263
105266
105287
105308
105320
105370
105378
105398
105413
105422
105431
105441
105476
105504
105521
105570
105572
105604
105610
105618
105672
105679
105705
105726
105779
105851
105854
105868
105894
105909
105937
105955
105974
103057
103070
103078
103080
103096
103106
103148
103172
103182
103185
103186
103192
103193
103238
103241
103243
103245
103247
103249
103251
103253
103280
103298
103307
103308
103311
103344
103376
103379
103390
103392
103393
103395
103403
103410
103439
103448
103485
103497
103507
103511
103522
103529
103533
103538
103554
103556
103561
103584
103616
103619
103637
103640
103652
103657
103664
103670
103683
103693
103705
103725
103728
103746
103752
103756
103761
103767
103796
103798
103812
103815
103818
103824
103830
103836
103855
103857
103862
103864
103869
103872
103880
103885
103889
103893
103899
103903
103907
103909
103919
103923
103927
103932
103935
103944
103959
103965
103966
103973
103980
103986
103992
104002
104005
104006
104009
104016
104029
104030
104031
104034
104045
104055
104067
104075
104091
104098
104129
104132
104135
104136
104137
104142
104143
104147
104156
104158
104162
104173
104177
104185
104188
104189
104194
104204
104206
104212
104225
104228
104229
104234
104235
104238
104241
104244
104248
104264
104271
104278
104289
104291
104297
104307
104312
104316
104321
104322
104332
104333
104339
104342
104349
104353
104367
104369
104374
104377
104386
104389
104391
104394
104401
104404
104406
104422
104425
104436
104450
104454
104459
104474
104489
104509
104511
104517
104522
104527
104532
104543
104544
104548
104553
104554
104557
104563
104567
104569
104575
104581
104586
104587
104590
104596
104599
104615
104617
104619
104632
104645
104650
104651
104657
104673
104676
104679
104681
104685
104689
104691
104692
104695
104710
104717
104740
104755
104758
104764
104768
104770
104781
104784
104789
104792
104794
104801
104805
104806
104807
104813
104816
104818
104820
104823
104828
104831
104832
104844
104847
104856
104859
104860
104865
104868
104870
104871
104885
104886
104897
104899
104902
104904
104906
104909
104913
104916
104930
104938
104941
104943
104944
104964
104966
104968
104970
104973
104976
104978
104979
104980
104984
104985
104988
104991
104995
105004
105010
105016
105028
105039
105042
105045
105048
105054
105060
105069
105070
105072
105084
105092
105096
105108
105111
105112
105127
105129
105133
105137
105145
105155
105160
105166
105172
105180
105186
105190
105191
105198
105204
105208
105214
105230
105231
105242
105243
105249
105275
105279
105281
105284
105291
105293
105294
105300
105305
105312
105321
105324
105331
105346
105349
105359
105361
105362
105364
105366
105369
105376
105387
105401
105407
105409
105410
105411
105412
105417
105426
105429
105434
105437
105440
105446
105449
105451
105455
105456
105460
105470
105473
105483
105486
105491
105499
105501
105507
105510
105514
105517
105520
105546
105584
105592
105598
105601
105609
105613
105615
105621
105637
105647
105650
105656
105660
105668
105683
105689
105701
105703
105709
105712
105717
105724
105729
105730
105735
105739
105747
105752
105761
105769
105773
105775
105776
105781
105784
105785
105788
105791
105797
105810
105813
105817
105821
105824
105830
105833
105848
105858
105863
105871
105876
105882
105893
105898
105913
105916
105918
105920
105922
105940
105947
105954
105956
105957
105965
105971
105979
105981
105986
105992
105999
104280
104328
103481
103741
104071
104130
104431
104490
104576
104585
104604
104634
104666
104674
104697
104711
104736
104737
104741
104751
104769
104778
104810
104821
104873
104911
104935
104999
105024
105058
105082
105153
105183
105215
105239
105302
105354
105357
105363
105377
105421
105435
105471
105636
105674
105677
105759
105795
105808
105822
105826
105847
105866
105960
105976
105977
105996
105997
103001
103049
103608
104936
104946
104948
104950
104958
105252
105258
105268
105023
105438
105438
105464
105464
105474
105474
103162
103191
103289
103305
103349
103357
103380
103610
103680
103871
103930
104089
104150
104558
104560
104649
104891
104894
104957
105006
105170
105226
105351
105524
105541
105740
105816
105963
103031
103050
103063
103365
103369
103414
103523
103547
103641
103653
103685
103704
103729
103739
103771
103938
103961
103978
103989
104008
104023
104044
104064
104093
104100
104145
104174
104179
104232
104242
104305
104355
104376
104423
104452
104456
104512
104529
104546
104733
104748
104803
104855
104857
104872
104888
104900
104940
105027
105044
105088
105105
105128
105235
105250
105253
105326
105335
105535
105551
105552
105559
105560
105562
105563
105566
105649
105716
105802
105853
105865
105895
103095
103153
103199
103229
103350
103388
103417
103467
103500
103549
103605
104506
104593
104738
104841
104942
105115
105238
105292
105310
105527
105536
105547
105558
105719
105736
103019
103040
103054
103059
103089
103092
103112
103120
103130
103160
103281
103301
103317
103360
103389
103396
103435
103569
103600
103625
103690
103719
103754
103759
103839
103844
103876
103898
103918
103946
103948
104027
104052
104110
104247
104252
104287
104325
104372
104380
104383
104393
104413
104433
104471
104486
104551
104568
104598
104603
104613
104635
104639
104665
104669
104723
104744
104812
104827
104834
104877
104884
104922
104947
104962
104967
104981
105001
105013
105022
105051
105063
105078
105081
105102
105132
105140
105163
105174
105216
105229
105241
105267
105270
105273
105317
105329
105341
105355
105522
105531
105538
105550
105555
105561
105564
105575
105629
105640
105655
105658
105684
105710
105713
105743
105746
105750
105757
105770
105794
105819
105849
105857
105861
105890
105900
105948
105953
105978
105988
105998
103037
103082
103098
103101
103104
103124
103132
103179
103195
103203
103207
103215
103223
103256
103297
103309
103313
103341
103362
103377
103412
103427
103496
103516
103539
103595
103620
103668
103724
103779
103848
103854
103866
103914
103922
103942
103950
103963
103970
103981
103984
103993
104000
104003
104013
104018
104032
104040
104068
104107
104133
104155
104169
104197
104202
104220
104237
104257
104265
104282
104292
104310
104320
104335
104418
104476
104481
104496
104524
104539
104541
104556
104564
104588
104608
104688
104693
104698
104718
104757
104762
104766
104798
104862
104882
104926
104932
104972
105008
105049
105059
105075
105154
105159
105167
105177
105207
105213
105223
105232
105247
105256
105259
105262
105277
105283
105289
105295
105313
105319
105322
105347
105358
105523
105526
105528
105529
105532
105537
105539
105540
105542
105543
105545
105548
105549
105553
105554
105556
105565
105597
105614
105617
105620
105635
105646
105670
105704
105707
105722
105725
105731
105782
105786
105809
105823
105836
105873
105930
105958
105983
103043
103069
103076
103079
103107
103126
103134
103149
103237
103254
103293
103345
103384
103406
103419
103424
103446
103453
103579
103582
103615
103658
103674
103879
103902
103906
103926
103934
103957
103975
103996
104096
104116
104128
104138
104187
104215
104227
104315
104340
104388
104398
104403
104408
104443
104467
104491
104534
104562
104644
104708
104728
104817
104822
104846
104867
104905
104910
104937
104952
104977
104997
105018
105032
105055
105067
105085
105091
105113
105119
105144
105220
105244
105265
105301
105307
105332
105338
105525
105530
105571
105573
105591
105594
105600
105602
105605
105611
105623
105626
105661
105667
105688
105696
105763
105766
105778
105838
105845
105877
105905
105915
105938
105973
103025
103066
103086
103109
103145
103156
103166
103170
103181
103265
103277
103472
103530
103646
103699
103714
103749
103790
103881
103912
103952
104037
104048
104057
104060
104105
104113
104119
104140
104192
104346
104350
104438
104573
104578
104583
104623
104654
104713
104746
104775
104785
104808
105071
105095
105124
105136
105181
105188
105192
105286
105344
105534
105544
105567
105569
105608
105632
105643
105652
105664
105673
105680
105692
105700
105754
105760
105774
105790
105881
105885
105910
105943
105968
103006
103147
103173
103239
103250
103285
103402
103486
103504
103510
103512
103555
103636
103762
103766
103859
103861
103884
103886
103892
104076
104079
104362
104368
104516
104518
104520
104680
104684
104986
104992
105038
105146
105150
105195
105577
105581
105583
105585
105829
105831
105919
103138
103233
104182
104330
104428
104701
105109
105203
105280
105298
105798
105805
105812
105869
103052
103136
103409
103482
103508
103764
104207
104682
104754
105827
103242
103246
103279
103283
103391
103863
104082
104211
104366
104678
104750
104989
105199
105587
105834
103140
103398
103888
103890
104086
104209
104360
104364
104752
105036
105921
106001
106004
106006
106017
106025
106030
106033
106039
106062
106088
106103
106166
106171
106221
106262
106319
106362
106416
106454
106005
106009
106011
106012
106016
106031
106034
106044
106050
106057
106061
106067
106087
106092
106101
106108
106120
106140
106146
106153
106169
106177
106184
106190
106217
106222
106248
106253
106255
106264
106286
106295
106300
106316
106320
106325
106329
106335
106345
106352
106356
106361
106363
106371
106376
106379
106387
106389
106391
106395
106400
106404
106411
106414
106418
106419
106420
106426
106431
106432
106434
106439
106447
106457
106007
106015
106020
106027
106036
106040
106043
106045
106052
106055
106058
106070
106072
106084
106091
106097
106099
106100
106104
106107
106110
106115
106122
106149
106151
106158
106161
106163
106167
106175
106181
106189
106199
106211
106220
106233
106252
106267
106273
106292
106296
106298
106312
106314
106318
106326
106339
106349
106351
106353
106369
106372
106380
106399
106410
106424
106445
106455
106022
106035
106048
106056
106079
106081
106083
106112
106116
106126
106144
106155
106157
106164
106173
106179
106186
106192
106242
106260
106266
106270
106280
106306
106308
106311
106334
106336
106346
106347
106384
106392
106396
106397
106406
106409
106413
106415
106425
106433
106436
106451
106066
106071
106114
106143
106150
106159
106227
106237
106256
106294
106297
106323
106338
106354
106368
106375
106378
106382
106388
106394
106401
106408
106428
106002
106024
106026
106029
106038
106053
106060
106064
106069
106075
106077
106085
106089
106095
106096
106111
106128
106135
106162
106172
106180
106183
106185
106187
106191
106194
106195
106197
106201
106207
106225
106228
106231
106236
106243
106246
106250
106258
106261
106269
106274
106277
106278
106281
106283
106285
106288
106290
106305
106324
106340
106357
106358
106359
106364
106366
106367
106373
106377
106383
106386
106402
106405
106441
106443
106174
106209
106241
106293
106417
106174
106209
106241
106293
106417
106003
106023
106028
106063
106090
106113
106118
106263
106289
106322
106337
106430
106521
106586
106594
106615
106652
106751
106238
106302
106365
106407
106437
106647
106699
106008
106082
106094
106147
106165
106212
106219
106229
106232
106235
106275
106279
106307
106313
106355
106370
106453
106489
106548
106577
106583
106625
106659
106681
106696
106704
106756
106013
106018
106032
106042
106065
106073
106109
106138
106142
106152
106160
106178
106206
106244
106271
106284
106299
106327
106374
106381
106385
106403
106427
106458
106463
106466
106478
106538
106558
106563
106620
106664
106709
106720
106736
106078
106106
106170
106203
106226
106342
106412
106421
106470
106485
106543
106568
106604
106609
106639
106642
106669
106746
106037
106068
106086
106098
106102
106124
106134
106156
106215
106223
106257
106332
106344
106350
106390
106393
106398
106423
106481
106493
106495
106499
106553
106589
106600
106654
106677
106686
106741
106049
106051
106054
106196
106249
106254
106315
106442
106448
106524
106530
106629
106725
106730
106198
106633
106247
106251
106259
106527
106533
106317
106440
106446
106723
106781
106807
106882
106920
106926
106965
106982
107073
107081
107119
107131
107177
107195
107206
107229
107248
107252
107272
107282
107311
107350
107353
107382
107459
107468
107497
107503
107541
107551
107558
107578
107605
107627
107629
107631
107644
107650
107660
107681
107688
107691
107698
107716
107725
107730
107747
107757
107760
107770
107773
107775
107777
107780
107790
107794
107819
107822
107834
107857
107860
107863
107883
107901
107916
107923
107965
108007
108010
108014
108031
108034
108036
108066
108103
108119
108147
108152
108155
108175
108200
108203
108223
108234
108239
108249
108256
108261
108265
108283
108288
108304
108362
108379
108390
108392
108395
108410
108414
108419
108424
108428
108430
108440
108475
108493
108520
108539
108548
108567
108573
108592
108595
108603
108625
108639
108644
108650
108658
108699
108701
108705
108715
108719
108726
108731
108742
108770
108772
108788
108792
108796
108805
108810
108819
108825
108829
108835
108847
108862
108864
108881
108891
108896
108920
108960
108965
108986
108989
109017
109027
109044
109046
109059
109065
109070
109074
109081
109109
109128
109135
109141
109158
109163
109188
109221
109226
109233
109246
109252
109301
109323
109328
109341
109346
109364
109372
109419
109465
109482
109488
109507
109566
109595
109599
109607
109631
109634
109657
109666
109674
109704
109708
109716
109720
109743
109761
109798
109810
109823
109852
109862
109874
109898
109909
109914
109931
109939
109959
109971
109977
109979
109983
109986
109997
110024
110031
110038
110044
110061
110096
110108
110113
110115
110133
110146
110148
110151
110172
110194
110214
110224
110230
110250
110254
110258
110271
110274
110276
110287
110289
110298
110309
110317
110345
110375
110383
110387
110395
110399
110403
110407
110420
110430
110434
110440
110443
110458
110469
110488
110491
110494
110502
110511
110524
110541
110549
110556
110560
110562
110572
110580
110586
110588
110601
110609
110612
110619
110622
110624
110627
110629
110636
110639
110642
110651
110671
110681
110683
110687
110724
110794
110821
110827
110837
110840
110843
110858
110893
110895
110900
110904
110910
110912
110928
110931
110961
110973
110994
110997
111023
111029
111044
111058
111061
111065
111074
111087
111089
111093
111096
111128
111146
111148
111156
111165
111168
111198
111213
111219
111225
111246
111254
111258
111261
111269
111287
111303
111312
111315
111335
111359
111362
111411
111419
111433
111439
111452
111455
111460
111469
111472
111476
111496
111498
111504
111506
111514
111527
111534
111551
111554
111575
111585
111622
111663
111710
111730
111753
111768
111783
111799
111809
111838
111855
111864
111879
111883
111888
111952
111967
111971
111990
112002
112006
112018
112044
112080
112085
112109
112120
112128
112132
112135
112137
112148
112156
112164
112179
112186
112198
112209
112232
112241
112244
112246
112251
112257
112261
112269
112282
112289
112328
112345
112356
112360
112370
112385
112410
112416
112420
112423
112431
112443
112446
112453
112458
112465
112510
112520
112535
112562
112568
112572
112582
112613
112626
112664
112669
112681
112710
112730
112738
112776
112785
112788
112792
112796
112820
112832
112848
112852
112859
112867
112874
112893
112932
112951
112971
112980
112983
112985
112993
112998
113003
113006
113010
113013
113042
113044
113046
113051
113057
113063
113065
113078
113090
113094
113096
113101
113115
113118
113122
113135
113137
113140
113142
113148
113152
113158
113168
113193
113200
113202
113206
113212
113214
113219
113224
113228
113237
113253
113256
113261
113264
113268
113272
113275
113280
113296
113298
113313
113317
113320
113328
113332
113337
113339
113345
113347
113378
113381
113429
113440
113462
113465
113489
113499
113505
113515
113545
113563
113566
113581
113585
113590
113597
113603
113618
113620
113625
113635
113638
113643
113649
113655
113667
113670
113681
113686
113703
113708
113719
113727
113753
113758
113790
113819
113831
113837
113882
113893
113920
113965
114005
114008
114028
114031
114059
114074
114080
114089
114092
114098
114117
114122
114135
114152
114158
114161
114164
114182
114186
114191
114194
114196
114211
114214
114223
114238
114242
114251
114253
114264
114266
114291
114301
114306
114314
114318
114324
114334
114343
114349
114355
114361
114367
114373
114376
114379
114394
114403
114409
114421
114430
114436
114441
114443
114448
114456
114471
114493
114520
114523
114526
114538
114543
114555
114571
114588
114590
114599
114613
114652
114654
114671
114680
114685
114715
114718
114730
114756
114780
114789
114795
114807
114816
114830
114853
114856
114859
114862
114868
114871
114883
114897
114900
114904
114908
114911
114918
114925
114930
114932
114938
114958
114967
114973
114982
114985
114988
114994
115003
115018
115026
115033
115049
115086
115093
115095
115115
115120
115125
115129
115135
115139
115142
115148
115161
115164
115170
115174
115180
115188
115193
115207
115211
115215
115217
115227
115230
115233
115248
115254
115260
115266
115269
115276
115295
115321
115332
115347
115359
115364
115366
115369
115379
115398
115400
115415
115421
115425
115433
115435
115438
115441
115445
115450
115460
115479
115499
115504
115515
115519
115535
115550
115559
115565
115568
115580
115584
115598
115602
115607
115638
115667
115673
115686
115707
115751
115754
115780
115789
115803
115807
115813
115819
115822
115841
115844
115876
115896
115907
115911
115913
115933
115952
115973
115988
116024
116036
116042
116045
116060
116066
116079
116114
116117
116133
116154
116157
116161
116163
116168
116173
116189
116201
116236
116239
116242
116276
116279
116282
116288
116302
116311
116318
116321
116337
116346
116355
116361
116370
116373
116381
116387
116392
116413
116420
116426
116428
116465
116471
116478
116486
116490
116509
116517
116554
116556
116559
116581
116584
116586
116590
116614
116619
116627
116629
116633
116644
116647
116664
116677
116707
116713
116747
116777
116787
116817
116827
116836
116854
116856
116863
116868
116881
116888
116893
116896
116909
116912
116915
116919
116977
116989
117012
117044
117067
117077
117084
117093
117098
117104
117107
117109
117113
117117
117125
117129
117139
117151
117156
117158
117164
117166
117171
117176
117184
117195
117199
117207
117214
117217
117226
117228
117245
117253
117260
117269
117271
117274
117276
117279
117281
117286
117290
117293
117296
117299
117308
117314
117331
117333
117340
117342
117346
117374
117379
117382
117386
117399
117409
117437
117444
117454
117466
117471
117480
117486
117488
117504
117511
117523
117533
117535
117539
117543
117547
117553
117568
117581
117605
117608
117621
117630
117632
117643
117652
117654
117656
117661
117667
117671
117675
117683
117686
117697
117700
117730
117772
117782
117797
117815
117819
117826
117828
117832
117877
117881
117883
117885
117887
117897
117904
117907
117909
117916
117964
117982
117987
117992
118005
118023
118034
118036
118039
118054
118061
118067
118073
118075
118077
118085
118102
118122
118124
118126
118128
118132
118139
118152
118158
118161
118190
118207
118213
118223
118226
118234
118241
118243
118247
118252
118256
118259
118264
118267
118279
118282
118330
118332
118344
118355
118357
118360
118376
118379
118382
118388
118392
118397
118400
118403
118405
118408
118410
118412
118418
118424
118433
118436
118439
118444
118446
118448
118451
118456
118469
118474
118479
118482
118484
118487
118490
118493
118496
118498
118510
118522
118527
118534
118548
118551
118553
118556
118559
118562
118564
118566
118568
118571
118573
118578
118588
118602
118610
118619
118621
118640
118645
118649
118654
118660
118663
118669
118672
118684
118696
118704
118706
118729
118748
118752
118755
118777
118786
118789
118822
118853
118876
118882
118884
118886
118889
118896
118898
118900
118904
118906
118909
118921
118933
118970
118975
118980
119009
119016
119026
119034
119037
119046
119053
119057
119135
119146
119148
119150
119158
119165
119170
119172
119192
119213
119266
119268
119269
119319
119325
119445
119461
119477
119580
119585
119622
119645
119690
119712
119713
119766
119776
119779
119792
119795
119800
119802
119804
119813
119840
119949
119951
119962
119965
119992
106769
106780
106790
106792
106793
106796
106805
106808
106811
106818
106825
106826
106830
106840
106841
106850
106862
106871
106893
106924
106927
106936
106961
106963
106966
106972
106987
106993
106995
107000
107034
107041
107056
107066
107069
107089
107098
107103
107108
107111
107130
107132
107135
107143
107148
107155
107163
107171
107174
107175
107178
107184
107187
107191
107193
107198
107201
107204
107210
107228
107237
107260
107269
107274
107291
107307
107310
107319
107325
107345
107351
107361
107364
107379
107390
107395
107421
107428
107442
107453
107462
107466
107470
107475
107476
107477
107480
107490
107492
107498
107499
107502
107520
107526
107539
107543
107546
107567
107595
107612
107620
107621
107651
107653
107665
107687
107715
107728
107731
107756
107762
107772
107779
107799
107820
107833
107858
107861
107867
107887
107927
107937
107940
107964
108016
108018
108022
108026
108038
108057
108061
108065
108073
108086
108100
108135
108153
108156
108163
108171
108172
108176
108183
108184
108204
108225
108264
108301
108305
108321
108322
108328
108333
108374
108378
108405
108415
108422
108438
108441
108518
108521
108523
108563
108594
108597
108613
108638
108642
108651
108657
108660
108685
108696
108706
108720
108781
108785
108794
108802
108806
108808
108812
108823
108827
108876
108880
108889
108924
108938
108946
108964
108990
109058
109080
109103
109112
109127
109161
109164
109212
109235
109242
109261
109272
109276
109282
109284
109291
109293
109296
109304
109316
109324
109327
109347
109363
109382
109385
109395
109409
109445
109446
109459
109498
109518
109526
109531
109555
109571
109575
109614
109637
109679
109681
109684
109699
109710
109740
109741
109760
109807
109818
109822
109824
109847
109858
109863
109869
109900
109915
109935
109941
109954
109966
109970
109993
109994
110025
110032
110042
110045
110058
110062
110126
110131
110135
110137
110140
110142
110164
110170
110191
110195
110212
110346
110361
110368
110370
110384
110402
110416
110422
110423
110439
110444
110447
110451
110457
110468
110472
110496
110500
110504
110518
110522
110539
110551
110554
110558
110573
110574
110599
110607
110613
110620
110626
110660
110682
110684
110701
110705
110726
110731
110736
110746
110763
110769
110775
110803
110814
110829
110838
110844
110869
110875
110881
110883
110886
110897
110901
110913
110915
110929
110932
110946
110963
110965
110980
111028
111031
111036
111037
111042
111048
111053
111072
111088
111094
111097
111109
111114
111125
111130
111135
111143
111149
111157
111169
111174
111178
111184
111193
111202
111205
111206
111210
111217
111230
111233
111245
111253
111262
111278
111292
111294
111298
111302
111304
111313
111341
111350
111363
111366
111399
111403
111405
111414
111451
111454
111463
111468
111474
111477
111484
111505
111513
111533
111539
111543
111545
111553
111568
111574
111576
111590
111591
111598
111617
111631
111661
111669
111695
111696
111702
111711
111735
111740
111746
111750
111754
111759
111785
111789
111798
111805
111810
111852
111859
111866
111874
111891
111909
111912
111916
111918
111929
111932
111943
111972
111988
111992
112003
112004
112030
112031
112042
112045
112047
112052
112057
112064
112065
112073
112083
112090
112093
112103
112104
112122
112127
112130
112142
112149
112158
112162
112165
112168
112173
112177
112181
112187
112189
112192
112195
112196
112199
112203
112211
112239
112245
112255
112270
112274
112276
112281
112286
112288
112291
112294
112298
112301
112314
112324
112327
112330
112334
112337
112342
112407
112417
112436
112469
112475
112481
112484
112500
112502
112515
112522
112526
112530
112539
112541
112566
112567
112573
112604
112610
112633
112637
112638
112680
112683
112689
112700
112708
112712
112719
112737
112765
112774
112786
112797
112804
112833
112845
112862
112868
112883
112887
112906
112946
112947
112949
112952
112954
112957
112960
112962
112963
112966
112970
112979
112988
112994
112997
113005
113007
113012
113021
113023
113025
113026
113052
113064
113067
113080
113098
113113
113119
113120
113123
113124
113126
113131
113133
113141
113150
113166
113247
113249
113252
113278
113289
113304
113306
113308
113314
113327
113331
113338
113341
113356
113373
113379
113382
113397
113409
113411
113415
113425
113430
113443
113475
113479
113500
113530
113539
113553
113582
113588
113595
113612
113650
113653
113656
113671
113750
113766
113768
113770
113789
113791
113820
113824
113835
113869
113872
113894
113901
113916
113942
113977
113979
113986
114004
114011
114021
114022
114029
114041
114046
114048
114055
114064
114084
114102
114108
114120
114127
114144
114162
114165
114193
114209
114212
114236
114240
114247
114252
114283
114320
114347
114350
114356
114359
114368
114397
114417
114428
114431
114437
114447
114467
114481
114503
114505
114509
114515
114516
114525
114530
114542
114570
114585
114586
114589
114633
114635
114651
114653
114672
114684
114686
114687
114688
114690
114693
114694
114696
114702
114706
114720
114753
114757
114760
114763
114771
114817
114823
114828
114831
114839
114849
114872
114889
114917
114919
114936
114972
114977
114978
114989
114993
115029
115045
115066
115099
115108
115121
115131
115136
115159
115163
115168
115194
115196
115205
115234
115239
115247
115253
115258
115261
115267
115278
115294
115298
115302
115304
115313
115317
115322
115344
115365
115377
115399
115414
115423
115426
115431
115434
115444
115452
115457
115462
115466
115468
115470
115474
115482
115512
115517
115524
115528
115530
115545
115548
115551
115557
115564
115569
115572
115587
115603
115622
115631
115641
115649
115666
115679
115683
115687
115694
115706
115709
115710
115714
115718
115721
115723
115731
115757
115767
115774
115776
115782
115786
115793
115794
115798
115799
115805
115808
115817
115820
115826
115842
115849
115852
115867
115870
115890
115895
115905
115920
115927
115956
115961
115965
115974
115985
116007
116010
116022
116025
116028
116034
116037
116040
116043
116058
116080
116083
116089
116096
116103
116108
116113
116140
116144
116152
116159
116162
116171
116178
116180
116200
116203
116204
116218
116220
116225
116243
116286
116289
116293
116308
116312
116314
116322
116329
116332
116344
116350
116371
116402
116407
116410
116424
116427
116430
116432
116435
116437
116441
116446
116449
116463
116466
116474
116484
116492
116500
116507
116508
116519
116528
116533
116550
116553
116558
116563
116571
116573
116574
116577
116580
116591
116596
116599
116602
116613
116616
116620
116628
116639
116646
116669
116674
116679
116684
116723
116737
116742
116750
116752
116758
116760
116767
116800
116805
116826
116831
116834
116835
116843
116847
116850
116851
116855
116858
116872
116873
116883
116886
116890
116895
116897
116903
116907
116910
116916
116918
116923
116925
116926
116932
116934
116936
116947
116949
116952
116963
116975
116978
116980
116984
116996
116998
117005
117017
117020
117030
117036
117043
117048
117056
117061
117068
117071
117079
117080
117083
117090
117092
117094
117095
117096
117103
117105
117106
117108
117114
117118
117120
117126
117130
117132
117133
117135
117141
117143
117152
117165
117167
117168
117170
117175
117183
117187
117189
117191
117200
117208
117218
117222
117224
117231
117234
117236
117242
117248
117250
117256
117257
117259
117278
117288
117301
117304
117309
117312
117318
117322
117324
117332
117334
117337
117362
117365
117367
117371
117378
117383
117387
117390
117395
117396
117411
117416
117419
117421
117425
117428
117433
117451
117452
117458
117467
117470
117498
117499
117507
117508
117512
117514
117517
117526
117534
117541
117548
117556
117558
117582
117589
117590
117592
117593
117595
117602
117606
117629
117633
117644
117657
117660
117662
117666
117678
117682
117691
117701
117704
117719
117726
117729
117732
117743
117749
117759
117764
117769
117770
117774
117776
117779
117781
117783
117786
117787
117795
117800
117810
117813
117833
117834
117844
117847
117865
117866
117871
117884
117906
117910
117923
117926
117939
117945
117950
117951
117957
117962
117975
117977
117980
117983
117985
117990
118001
118004
118008
118013
118014
118018
118037
118038
118040
118047
118055
118056
118062
118064
118068
118074
118080
118081
118086
118088
118094
118109
118118
118123
118127
118142
118148
118157
118160
118162
118164
118177
118180
118186
118200
118215
118220
118251
118258
118283
118289
118295
118304
118306
118308
118310
118312
118313
118316
118319
118322
118324
118325
118326
118327
118333
118334
118336
118339
118343
118356
118362
118367
118368
118370
118375
118380
118383
118386
118406
118411
118421
118426
118428
118429
118431
118437
118438
118445
118449
118461
118462
118465
118468
118477
118485
118494
118511
118520
118525
118533
118537
118550
118558
118563
118567
118572
118581
118583
118587
118593
118597
118603
118604
118607
118608
118613
118616
118623
118624
118627
118628
118630
118631
118633
118634
118638
118639
118642
118643
118646
118652
118656
118688
118690
118692
118695
118698
118702
118703
118707
118718
118735
118737
118746
118773
118791
118792
118795
118800
118803
118812
118815
118817
118821
118833
118837
118838
118847
118855
118856
118858
118862
118864
118869
118870
118885
118888
118893
118913
118918
118928
118930
119108
119155
119182
119203
119209
119229
119244
119254
119256
119257
119259
119262
119281
119283
119285
119286
119289
119290
119293
119305
119310
119323
119326
119327
119334
119336
119338
119342
119344
119349
119352
119354
119364
119366
119374
119377
119380
119384
119387
119389
119392
119395
119408
119411
119414
119417
119422
119423
119425
119428
119434
119442
119446
119450
119454
119480
119484
119488
119492
119498
119503
119507
119513
119517
119521
119523
119529
119531
119535
119537
119539
119541
119548
119551
119555
119567
119571
119575
119579
119583
119589
119599
119606
119611
119623
119633
119636
119638
119640
119666
119670
119671
119684
119685
119699
119703
119704
119708
119710
119715
119716
119718
119719
119724
119725
119743
119754
119768
119770
119774
119778
119784
119801
119810
119814
119817
119834
119839
119848
119855
119870
119872
119895
119901
119904
119908
119910
119912
119925
119927
119942
119969
119971
119972
119974
119976
119995
119997
120000
106758
106765
106774
106784
106804
106806
106812
106832
106842
106843
106846
106855
106857
106859
106863
106866
106869
106873
106881
106897
106906
106910
106915
106918
106933
106952
106955
106962
106968
106979
106989
107005
107011
107016
107018
107021
107031
107036
107062
107074
107093
107099
107102
107104
107106
107116
107118
107128
107145
107147
107159
107162
107165
107172
107186
107192
107194
107199
107205
107211
107212
107219
107220
107223
107230
107232
107234
107242
107245
107247
107253
107255
107258
107262
107264
107268
107273
107277
107290
107306
107308
107309
107318
107323
107329
107331
107332
107334
107335
107337
107338
107348
107352
107356
107363
107368
107377
107384
107388
107399
107415
107430
107432
107438
107445
107448
107451
107465
107471
107484
107487
107489
107494
107495
107506
107511
107516
107522
107527
107542
107548
107553
107556
107571
107579
107581
107596
107615
107616
107625
107632
107645
107667
107679
107683
107685
107690
107701
107702
107705
107707
107708
107710
107722
107724
107729
107734
107742
107746
107750
107753
107755
107778
107788
107792
107796
107802
107811
107821
107824
107826
107830
107832
107837
107840
107842
107844
107871
107874
107877
107880
107893
107907
107913
107918
107919
107921
107925
107930
107932
107935
107941
107954
107962
107967
107980
107988
107990
107993
107998
108004
108006
108040
108043
108049
108051
108054
108056
108059
108063
108068
108069
108075
108078
108089
108095
108098
108101
108106
108109
108114
108118
108121
108126
108131
108139
108146
108157
108167
108178
108180
108186
108189
108192
108197
108205
108209
108212
108229
108233
108246
108251
108258
108259
108270
108275
108280
108286
108291
108296
108299
108307
108312
108320
108324
108326
108327
108339
108345
108347
108354
108359
108381
108383
108388
108402
108406
108409
108437
108453
108467
108481
108488
108490
108496
108500
108503
108506
108507
108510
108515
108534
108536
108540
108555
108571
108574
108580
108583
108586
108589
108593
108598
108602
108605
108608
108612
108617
108620
108628
108629
108636
108652
108655
108661
108666
108670
108674
108678
108692
108698
108713
108716
108744
108752
108755
108756
108760
108761
108766
108777
108780
108789
108798
108801
108818
108822
108831
108850
108853
108856
108861
108865
108870
108871
108877
108883
108893
108894
108904
108906
108910
108913
108914
108923
108929
108933
108934
108939
108941
108948
108950
108954
108956
108959
108968
108972
108977
108981
108983
108985
109000
109002
109006
109008
109021
109023
109033
109034
109041
109047
109051
109060
109062
109066
109071
109082
109085
109087
109099
109100
109111
109114
109117
109138
109144
109166
109176
109184
109191
109193
109196
109205
109208
109209
109217
109219
109231
109234
109243
109267
109274
109295
109297
109305
109309
109317
109319
109326
109334
109338
109348
109353
109357
109361
109371
109396
109400
109405
109416
109421
109422
109426
109430
109447
109450
109452
109457
109461
109466
109469
109474
109481
109484
109492
109497
109502
109511
109517
109546
109551
109559
109563
109581
109587
109592
109604
109612
109617
109622
109625
109629
109635
109646
109653
109660
109663
109668
109669
109672
109685
109701
109733
109734
109738
109746
109749
109769
109771
109774
109780
109782
109790
109795
109796
109813
109827
109828
109837
109838
109848
109849
109857
109866
109873
109876
109888
109892
109893
109896
109899
109902
109905
109908
109911
109916
109920
109924
109929
109932
109936
109940
109949
109958
109962
109967
109973
109980
109985
109989
109998
110000
110001
110005
110006
110008
110010
110013
110018
110020
110021
110034
110054
110057
110066
110067
110069
110072
110073
110074
110077
110078
110083
110089
110091
110092
110094
110097
110099
110104
110109
110111
110118
110120
110138
110163
110167
110169
110178
110183
110184
110187
110200
110202
110204
110210
110213
110232
110238
110240
110242
110243
110246
110252
110256
110268
110270
110282
110286
110299
110301
110303
110311
110314
110321
110323
110329
110337
110341
110357
110390
110404
110409
110410
110412
110417
110421
110429
110435
110442
110449
110453
110455
110463
110466
110474
110482
110485
110486
110499
110514
110515
110520
110526
110529
110530
110533
110535
110537
110543
110547
110563
110566
110568
110569
110577
110600
110605
110610
110611
110616
110621
110625
110630
110632
110633
110641
110648
110656
110662
110666
110676
110686
110689
110691
110694
110696
110697
110700
110702
110708
110712
110716
110722
110725
110730
110735
110739
110743
110749
110752
110753
110758
110759
110761
110762
110765
110770
110776
110793
110797
110799
110805
110809
110817
110820
110825
110828
110832
110847
110850
110853
110871
110872
110877
110887
110892
110896
110909
110920
110923
110925
110937
110944
110950
110953
110957
110958
110960
110969
110972
110975
110987
110988
110990
110996
111006
111013
111018
111020
111024
111026
111032
111033
111038
111051
111064
111067
111068
111073
111077
111079
111085
111090
111092
111098
111106
111107
111118
111133
111139
111142
111150
111153
111155
111160
111164
111167
111170
111173
111176
111179
111182
111188
111190
111197
111200
111203
111212
111243
111257
111260
111264
111268
111284
111311
111325
111327
111329
111338
111345
111347
111367
111370
111374
111378
111390
111394
111398
111407
111412
111423
111429
111436
111438
111462
111479
111483
111487
111502
111509
111512
111515
111517
111521
111525
111530
111535
111538
111555
111558
111559
111563
111583
111587
111595
111599
111603
111613
111615
111619
111621
111627
111635
111637
111645
111653
111666
111674
111676
111679
111683
111686
111690
111693
111705
111707
111713
111717
111723
111727
111761
111764
111774
111780
111784
111786
111790
111793
111794
111796
111803
111806
111811
111814
111817
111818
111820
111823
111829
111834
111837
111843
111846
111848
111857
111861
111865
111875
111876
111881
111892
111899
111904
111906
111913
111915
111919
111926
111940
111953
111959
111960
111968
111976
111983
111984
111998
111999
112009
112013
112015
112033
112037
112039
112040
112051
112055
112059
112062
112068
112077
112082
112084
112088
112092
112094
112097
112099
112102
112105
112108
112113
112123
112125
112129
112133
112138
112140
112144
112146
112163
112184
112191
112206
112218
112222
112226
112235
112240
112243
112248
112259
112262
112267
112268
112287
112303
112313
112317
112323
112325
112332
112340
112343
112344
112347
112367
112371
112373
112374
112380
112382
112384
112391
112393
112400
112413
112418
112424
112450
112451
112459
112461
112488
112491
112494
112495
112507
112511
112523
112538
112545
112548
112549
112555
112575
112581
112593
112595
112619
112622
112624
112629
112640
112642
112648
112654
112655
112660
112673
112676
112679
112684
112691
112697
112703
112715
112718
112729
112732
112736
112744
112747
112748
112754
112766
112770
112775
112779
112783
112793
112798
112800
112810
112829
112855
112881
112885
112899
112908
112919
112928
112931
112934
112943
112968
112972
112986
112989
112995
113002
113016
113031
113047
113056
113060
113073
113099
113103
113104
113107
113109
113110
113125
113138
113154
113161
113169
113188
113196
113203
113205
113209
113218
113225
113240
113254
113262
113271
113274
113279
113284
113287
113291
113295
113316
113329
113336
113351
113355
113364
113366
113405
113413
113417
113422
113432
113451
113464
113469
113477
113480
113484
113487
113492
113496
113498
113504
113512
113524
113534
113541
113549
113558
113564
113569
113570
113575
113576
113583
113586
113589
113592
113598
113599
113607
113633
113642
113651
113654
113680
113683
113684
113699
113730
113736
113746
113779
113780
113788
113792
113797
113798
113800
113812
113821
113825
113827
113848
113851
113854
113857
113866
113870
113875
113876
113881
113887
113889
113891
113895
113898
113899
113904
113907
113913
113922
113928
113933
113937
113959
113964
113967
113991
113996
114002
114024
114039
114043
114050
114052
114058
114076
114088
114096
114100
114106
114114
114116
114121
114131
114133
114138
114148
114159
114168
114181
114187
114213
114217
114219
114228
114231
114232
114235
114239
114243
114254
114258
114259
114261
114267
114271
114277
114278
114287
114289
114295
114305
114312
114313
114333
114344
114351
114357
114363
114364
114372
114381
114399
114402
114405
114412
114420
114423
114426
114435
114440
114453
114458
114465
114483
114489
114492
114495
114504
114507
114510
114513
114519
114522
114527
114533
114536
114540
114546
114548
114551
114558
114566
114574
114577
114581
114583
114594
114597
114601
114602
114604
114614
114616
114624
114629
114634
114638
114642
114649
114659
114670
114673
114676
114677
114692
114698
114699
114701
114704
114717
114721
114724
114734
114735
114738
114740
114742
114745
114748
114765
114767
114769
114774
114788
114806
114813
114819
114821
114837
114840
114843
114845
114850
114851
114852
114855
114860
114864
114866
114877
114892
114895
114899
114939
114951
114953
114954
114962
114975
114986
114987
115004
115010
115016
115030
115036
115062
115067
115078
115079
115081
115097
115103
115110
115112
115123
115130
115140
115149
115153
115155
115157
115165
115166
115176
115181
115192
115198
115224
115243
115249
115250
115252
115255
115277
115296
115309
115323
115325
115329
115335
115338
115339
115360
115370
115372
115375
115380
115385
115389
115394
115396
115406
115442
115454
115476
115480
115491
115502
115505
115516
115521
115525
115539
115544
115560
115567
115575
115591
115597
115601
115606
115618
115625
115629
115633
115645
115670
115674
115693
115719
115740
115772
115790
115801
115829
115833
115838
115847
115854
115869
115873
115888
115893
115904
115914
115931
115934
115941
115955
115959
115963
115971
115987
115995
116004
116008
116011
116012
116018
116049
116065
116070
116084
116087
116093
116099
116100
116105
116115
116121
116122
116125
116128
116134
116137
116155
116166
116184
116187
116197
116198
116211
116214
116216
116222
116231
116234
116237
116260
116261
116266
116274
116283
116292
116305
116324
116338
116341
116347
116352
116359
116364
116384
116386
116393
116398
116436
116445
116448
116454
116457
116468
116476
116499
116504
116512
116515
116523
116527
116532
116535
116538
116545
116549
116552
116560
116564
116566
116567
116632
116635
116641
116643
116653
116656
116662
116667
116688
116697
116700
116704
116705
116708
116711
116715
116739
116744
116759
116783
116791
116794
116798
116802
116822
116828
116838
116848
116866
116878
116894
116928
116938
116959
116972
117002
117019
117038
117053
117064
117070
117073
117078
117116
117124
117146
117155
117161
117172
117179
117196
117202
117220
117229
117237
117252
117261
117265
117277
117295
117317
117325
117352
117389
117402
117459
117461
117465
117532
117536
117562
117569
117573
117640
117649
117664
117670
117681
117684
117705
117707
117709
117724
117725
117735
117738
117745
117747
117751
117753
117784
117789
117790
117796
117812
117846
117857
117867
117888
117895
117931
117935
117938
117940
117941
117942
117947
117948
117949
117952
117953
117958
117959
117966
117968
117978
117995
118024
118033
118042
118049
118084
118107
118108
118110
118111
118114
118120
118146
118153
118159
118165
118169
118171
118172
118173
118175
118181
118187
118194
118203
118218
118239
118245
118261
118268
118271
118277
118280
118288
118293
118346
118349
118352
118384
118387
118396
118399
118402
118407
118414
118416
118422
118430
118432
118435
118442
118454
118457
118460
118473
118481
118516
118521
118528
118531
118539
118543
118561
118569
118576
118577
118648
118651
118668
118674
118679
118685
118686
118694
118715
118731
118740
118771
118807
118827
118831
118836
118867
118874
118877
118880
118881
118891
118895
118903
118912
118915
118917
118934
118937
118939
118966
118973
118983
118991
118992
119001
119002
119005
119008
119015
119017
119024
119025
119028
119050
119060
119083
119099
119101
119104
119113
119119
119120
119126
119130
119134
119141
119144
119149
119160
119167
119180
119187
119189
119193
119196
119197
119205
119230
119235
119239
119242
119250
119252
119255
119260
119304
119324
119329
119360
119437
119609
119619
119627
119676
119691
119735
119736
119741
119753
119771
119781
119790
119791
119825
106760
106763
106778
106821
106833
106836
106838
106853
106875
106879
106886
106889
106894
106904
106912
106929
106938
106941
106942
106945
106947
106950
106964
106970
106983
106985
106986
106996
107014
107022
107025
107028
107029
107038
107042
107046
107058
107071
107079
107082
107087
107091
107096
107109
107113
107115
107122
107125
107126
107133
107137
107152
107158
107167
107168
107179
107183
107189
107197
107203
107209
107226
107239
107284
107286
107297
107299
107320
107324
107341
107343
107347
107357
107367
107370
107393
107396
107409
107423
107437
107440
107443
107447
107457
107460
107474
107500
107519
107525
107532
107537
107538
107550
107560
107562
107576
107585
107589
107593
107603
107606
107610
107623
107642
107648
107655
107657
107662
107670
107671
107674
107719
107744
107745
107752
107758
107761
107768
107771
107781
107804
107808
107813
107817
107828
107835
107890
107896
107903
107924
107929
107949
107952
107957
107959
107970
107972
107975
107978
107983
107985
108046
108052
108071
108091
108111
108141
108151
108159
108160
108165
108170
108187
108201
108210
108217
108221
108236
108244
108255
108262
108272
108302
108315
108335
108350
108365
108368
108373
108384
108393
108398
108413
108421
108433
108446
108456
108461
108469
108472
108478
108560
108615
108632
108633
108647
108662
108681
108712
108735
108739
108764
108793
108841
108845
108886
108890
108900
108917
108940
108943
108944
108957
108963
108993
108996
109005
109015
109035
109075
109078
109091
109131
109147
109155
109156
109179
109182
109185
109225
109230
109237
109254
109270
109312
109331
109344
109403
109412
109423
109432
109435
109471
109493
109576
109577
109582
109596
109610
109616
109638
109643
109651
109652
109695
109722
109723
109725
109750
109755
109757
109758
109766
109776
109788
109793
109799
109804
109821
109871
109877
109879
109884
109913
109919
109928
109937
109943
109948
109956
109964
109982
109991
110026
110033
110037
110041
110053
110063
110080
110081
110085
110095
110101
110103
110106
110110
110114
110116
110121
110125
110159
110177
110192
110196
110206
110217
110220
110221
110223
110227
110228
110235
110236
110278
110279
110283
110290
110293
110295
110315
110318
110325
110331
110335
110343
110348
110350
110359
110366
110379
110382
110385
110397
110413
110427
110432
110438
110461
110476
110480
110507
110512
110517
110544
110557
110571
110596
110638
110650
110664
110670
110678
110711
110721
110728
110741
110745
110755
110768
110773
110780
110782
110784
110787
110791
110813
110833
110856
110862
110866
110878
110927
110933
110936
110954
110971
110977
110999
111002
111005
111009
111040
111045
111054
111057
111070
111102
111112
111121
111123
111124
111145
111185
111194
111209
111215
111218
111221
111238
111248
111271
111291
111297
111308
111321
111330
111332
111333
111336
111356
111357
111377
111382
111387
111416
111418
111421
111447
111457
111466
111473
111478
111491
111493
111494
111542
111550
111567
111579
111602
111610
111625
111629
111639
111665
111671
111682
111687
111699
111701
111755
111765
111769
111778
111808
111826
111827
111831
111840
111844
111850
111871
111878
111884
111886
111894
111895
111896
111902
111910
111930
111937
111949
111964
111965
111975
111994
111996
112016
112036
112069
112072
112114
112117
112118
112150
112153
112154
112157
112160
112169
112172
112197
112201
112210
112214
112229
112231
112250
112253
112266
112272
112279
112283
112292
112297
112306
112310
112318
112320
112329
112339
112350
112376
112396
112402
112405
112421
112428
112433
112438
112444
112447
112454
112468
112472
112483
112503
112519
112543
112585
112589
112597
112600
112603
112605
112608
112609
112646
112651
112661
112663
112685
112687
112692
112695
112711
112722
112723
112726
112742
112751
112772
112778
112782
112790
112806
112809
112814
112817
112821
112825
112826
112830
112836
112838
112866
112869
112889
112916
112921
112923
112959
112974
112977
112982
112992
113017
113019
113028
113035
113039
113079
113082
113102
113106
113112
113117
113143
113156
113181
113221
113230
113245
113250
113257
113267
113318
113323
113333
113340
113349
113358
113360
113371
113375
113377
113390
113400
113418
113428
113436
113454
113460
113507
113510
113523
113536
113544
113565
113572
113593
113610
113624
113630
113645
113648
113657
113660
113663
113666
113675
113691
113693
113697
113712
113726
113734
113748
113757
113765
113772
113773
113778
113782
113793
113805
113809
113818
113844
113849
113861
113878
113879
113884
113923
113925
113929
113935
113939
113946
113947
113952
113960
113961
113962
113976
113984
113988
113994
114006
114009
114012
114014
114018
114019
114040
114044
114061
114066
114067
114070
114073
114104
114110
114125
114151
114171
114172
114176
114189
114192
114197
114199
114203
114204
114207
114222
114226
114249
114257
114269
114281
114284
114300
114316
114317
114327
114330
114337
114339
114345
114346
114353
114358
114362
114366
114371
114383
114386
114387
114389
114392
114396
114406
114408
114418
114432
114438
114446
114450
114460
114461
114463
114469
114472
114484
114491
114500
114501
114518
114531
114552
114567
114572
114575
114580
114591
114608
114610
114623
114627
114640
114647
114662
114666
114668
114683
114744
114762
114772
114776
114777
114781
114791
114792
114799
114804
114812
114818
114826
114827
114832
114834
114846
114858
114867
114870
114874
114876
114881
114884
114887
114890
114903
114929
114933
114947
114956
114969
114979
114981
114998
115001
115006
115008
115012
115015
115023
115025
115038
115040
115056
115058
115070
115074
115083
115087
115089
115102
115107
115118
115126
115134
115145
115146
115154
115189
115204
115220
115221
115231
115237
115245
115264
115271
115289
115290
115333
115343
115350
115367
115391
115410
115422
115439
115472
115486
115488
115498
115509
115513
115532
115533
115553
115563
115579
115583
115594
115609
115611
115615
115621
115636
115651
115656
115669
115677
115689
115726
115743
115752
115763
115781
115785
115797
115804
115823
115831
115845
115857
115861
115864
115878
115910
115916
115940
115945
115950
115984
115994
115999
116014
116052
116059
116091
116112
116169
116193
116195
116206
116249
116272
116297
116316
116319
116368
116408
116412
116416
116419
116423
116451
116479
116495
116520
116542
116569
116575
116593
116597
116610
116623
116637
116650
116661
116665
116671
116702
116729
116733
116735
116748
116755
116763
116765
116771
116775
116779
116807
116809
116810
116814
116844
116852
116865
116869
116871
116879
116882
116920
116954
116970
116974
116983
116987
117011
117014
117025
117033
117042
117045
117059
117063
117081
117085
117089
117099
117101
117110
117131
117136
117142
117147
117150
117159
117163
117193
117209
117213
117225
117233
117240
117246
117273
117287
117338
117348
117354
117392
117398
117405
117407
117434
117441
117442
117445
117446
117464
117468
117482
117489
117492
117497
117509
117529
117538
117544
117549
117554
117563
117565
117585
117594
117611
117635
117639
117646
117668
117687
117689
117694
117702
117728
117773
117785
117788
117793
117802
117829
117839
117850
117858
117880
117892
117894
117900
117902
117914
117917
117919
117936
117954
117960
117961
117969
117996
118000
118002
118016
118027
118030
118059
118089
118092
118095
118099
118103
118105
118113
118117
118131
118143
118144
118163
118166
118168
118176
118178
118209
118296
118298
118301
118302
118309
118315
118318
118320
118329
118373
118391
118420
118423
118499
118513
118574
118586
118591
118600
118605
118609
118625
118636
118665
118667
118671
118680
118709
118710
118712
118717
118720
118721
118724
118738
118743
118744
118747
118753
118758
118765
118767
118768
118770
118775
