100001
100002
100003
100004
100005
100006
100007
100008
100009
100010
100011
100012
100013
100014
100015
100016
100017
100019
100021
100022
100023
100024
100025
100026
100027
100028
100029
100030
100031
100032
100033
100034
100035
100036
100037
100038
100039
100040
100041
100042
100043
100044
100046
100047
100048
100049
100051
100052
100053
100054
100055
100056
100057
100058
100059
100060
100061
100062
100063
100064
100065
100066
100067
100068
100069
100070
100071
100072
100074
100076
100077
100078
100079
100080
100081
100082
100083
100084
100085
100086
100087
100088
100089
100090
100091
100092
100093
100094
100095
100096
100097
100098
100102
100103
100105
100106
100107
100108
100109
100110
100111
100112
100113
100114
100115
100116
100117
100118
100119
100120
100121
100122
100123
100124
100125
100126
100127
100128
100129
100130
100131
100132
100133
100134
100135
100136
100137
100138
100139
100140
100141
100142
100143
100144
100145
100146
100147
100148
100149
100150
100151
100152
100153
100154
100155
100156
100157
100158
100159
100160
100161
100162
100163
100164
100165
100166
100167
100168
100169
100170
100171
100172
100173
100174
100175
100176
100177
100178
100179
100180
100181
100182
100183
100184
100185
100186
100187
100188
100189
100190
100191
100192
100193
100194
100195
100196
100197
100198
100199
100200
100201
100202
100203
100204
100205
100206
100207
100208
100209
100210
100211
100212
100213
100214
100215
100216
100217
100218
100219
100220
100221
100222
100223
100224
100225
100226
100227
100228
100229
100230
100231
100232
100233
100234
100235
100236
100237
100238
100239
100240
100241
100242
100243
100244
100245
100246
100247
100248
100249
100250
100251
100252
100253
100254
100255
100256
100257
100258
100259
100260
100261
100262
100263
100264
100265
100266
100267
100268
100269
100270
100271
100272
100273
100274
100275
100276
100277
100278
100279
100280
100281
100282
100283
100284
100285
100286
100287
100288
100289
100290
100291
100292
100293
100294
100295
100296
100297
100298
100299
100300
100301
100302
100303
100304
100305
100306
100307
100308
100309
100310
100311
100312
100313
100314
100315
100316
100317
100318
100319
100320
100321
100322
100323
100324
100325
100326
100327
100328
100329
100330
100331
100332
100333
100334
100335
100336
100337
100338
100339
100340
100341
100342
100343
100344
100345
100346
100347
100348
100349
100350
100351
100352
100353
100354
100355
100356
100357
100358
100359
100360
100361
100362
100363
100364
100365
100366
100367
100368
100369
100370
100371
100372
100373
100374
100375
100376
100377
100378
100379
100380
100381
100382
100383
100384
100385
100386
100387
100388
100389
100390
100391
100392
100393
100394
100395
100396
100397
100398
100399
100400
100401
100402
100403
100404
100405
100406
100407
100408
100409
100410
100411
100413
100414
100415
100416
100417
100418
100419
100420
100421
100422
100423
100424
100425
100426
100427
100428
100429
100430
100431
100432
100433
100434
100435
100436
100437
100438
100439
100440
100441
100442
100443
100444
100445
100446
100447
100448
100449
100450
100451
100452
100453
100454
100455
100456
100457
100458
100459
100460
100461
100462
100463
100464
100465
100466
100467
100468
100469
100470
100471
100472
100473
100474
100475
100476
100477
100478
100479
100480
100481
100482
100483
100484
100485
100486
100487
100488
100489
100490
100491
100492
100493
100494
100495
100496
100497
100498
100499
100500
100501
100502
100503
100504
100505
100506
100507
100508
100509
100510
100511
100512
100513
100514
100515
100516
100517
100518
100519
100520
100521
100522
100523
100524
100525
100526
100527
100528
100529
100530
100531
100532
100533
100534
100535
100536
100537
100538
100539
100540
100541
100542
100543
100544
100545
100546
100547
100548
100549
100550
100551
100552
100553
100554
100555
100556
100557
100558
100559
100560
100561
100562
100563
100564
100565
100566
100567
100568
100569
100570
100571
100572
100573
100574
100575
100576
100577
100578
100579
100580
100581
100582
100583
100584
100585
100586
100587
100588
100589
100590
100591
100592
100593
100594
100595
100596
100597
100598
100599
100600
100601
100602
100603
100604
100605
100606
100607
100608
100609
100610
100611
100612
100613
100614
100615
100616
100617
100618
100619
100620
100621
100622
100623
100624
100625
100626
100627
100628
100629
100630
100631
100632
100633
100634
100635
100636
100637
100638
100639
100640
100641
100642
100643
100644
100645
100646
100647
100648
100649
100650
100651
100652
100653
100654
100655
100656
100657
100658
100659
100660
100661
100662
100663
100664
100665
100667
100668
100669
100670
100671
100672
100673
100674
100675
100676
100677
100678
100679
100680
100681
100682
100683
100684
100685
100686
100687
100688
100689
100690
100691
100692
100693
100694
100695
100696
100697
100698
100699
100700
100701
100702
100703
100704
100705
100706
100707
100708
100709
100710
100711
100712
100713
100714
100715
100716
100717
100718
100719
100720
100721
100722
100723
100724
100725
100726
100727
100728
100729
100730
100731
100732
100733
100734
100735
100736
100737
100738
100739
100740
100741
100742
100743
100744
100745
100746
100747
100748
100749
100750
100751
100752
100753
100754
100755
100756
100757
100758
100759
100760
100761
100762
100763
100764
100765
100766
100767
100768
100769
100770
100771
100772
100773
100774
100775
100776
100777
100778
100779
100780
100781
100782
100783
100784
100785
100786
100787
100788
100789
100790
100791
100792
100793
100794
100795
100796
100797
100798
100799
100800
100801
100802
100803
100804
100805
100806
100807
100808
100809
100810
100811
100812
100813
100814
100815
100816
100817
100818
100819
100820
100821
100822
100823
100824
100825
100826
100827
100828
100829
100830
100831
100832
100833
100834
100835
100836
100837
100838
100839
100840
100841
100842
100843
100844
100845
100846
100847
100848
100849
100850
100851
100852
100853
100854
100855
100856
100857
100858
100859
100860
100861
100862
100863
100864
100865
100866
100867
100868
100869
100870
100871
100872
100873
100874
100875
100876
100877
100878
100879
100880
100881
100882
100883
100884
100885
100886
100887
100888
100889
100890
100891
100892
100893
100894
100895
100896
100897
100898
100899
100900
100901
100902
100903
100904
100905
100906
100907
100908
100909
100910
100911
100912
100913
100914
100915
100916
100917
100918
100919
100920
100921
100922
100923
100924
100925
100926
100927
100928
100930
100931
100932
100933
100934
100935
100936
100937
100938
100939
100940
100941
100942
100943
100944
100945
100946
100947
100948
100949
100950
100951
100952
100953
100954
100955
100956
100957
100958
100959
100960
100961
100962
100963
100964
100965
100966
100967
100968
100969
100970
100971
100972
100973
100974
100975
100976
100977
100978
100979
100980
100981
100982
100983
100984
100985
100986
100987
100988
100989
100990
100991
100992
100993
100994
100995
100996
100997
100998
100999
101000
101001
101002
101003
101004
101005
101006
101007
101008
101009
101010
101011
101012
101013
101014
101015
101016
101017
101018
101019
101020
101021
101022
101023
101024
101025
101026
101027
101028
101029
101030
101031
101032
101033
101034
101035
101036
101037
101038
101039
101040
101041
101042
101043
101044
101045
101046
101047
101048
101049
101050
101051
101052
101053
101054
101055
101056
101057
101058
101059
101060
101061
101062
101063
101064
101065
101066
101067
101068
101069
101070
101071
101072
101073
101074
101075
101076
101077
101078
101079
101080
101081
101082
101083
101084
101085
101086
101087
101088
101089
101090
101091
101092
101093
101094
101095
101096
101097
101098
101099
101100
101101
101102
101103
101104
101105
101106
101107
101108
101109
101110
101111
101112
101113
101114
101115
101116
101117
101118
101119
101120
101121
101122
101123
101124
101125
101126
101127
101128
101129
101130
101131
101132
101133
101134
101135
101136
101137
101138
101139
101140
101141
101142
101143
101144
101145
101146
101147
101148
101149
101150
101151
101152
101153
101154
101155
101156
101157
101158
101159
101160
101161
101162
101163
101164
101165
101166
101167
101168
101169
101170
101171
101172
101173
101174
101175
101176
101177
101178
101179
101180
101181
101182
101183
101184
101185
101186
101187
101188
101189
101190
101191
101192
101193
101194
101195
101196
101197
101198
101199
101200
101201
101202
101203
101204
101205
101206
101207
101208
101209
101210
101211
101212
101213
101214
101215
101216
101217
101218
101219
101220
101221
101222
101223
101224
101225
101226
101227
101228
101229
101230
101231
101232
101233
101234
101235
101236
101237
101238
101239
101240
101241
101242
101243
101244
101245
101246
101247
101248
101249
101250
101251
101252
101253
101254
101255
101256
101257
101258
101259
101260
101261
101262
101263
101264
101265
101266
101267
101268
101269
101270
101271
101272
101273
101274
101275
101276
101277
101278
101279
101280
101281
101282
101283
101284
101285
101286
101287
101288
101289
101290
101291
101292
101293
101294
101295
101296
101297
101298
101299
101300
101301
101302
101303
101304
101305
101306
101307
101308
101309
101310
101311
101312
101313
101314
101315
101316
101317
101318
101319
101320
101321
101322
101323
101324
101325
101326
101327
101328
101329
101330
101331
101332
101333
101334
101335
101336
101337
101338
101339
101340
101341
101342
101343
101344
101345
101346
101347
101348
101349
101350
101351
101352
101353
101354
101355
101356
101357
101358
101359
101360
101361
101362
101363
101364
101365
101366
101367
101368
101369
101370
101371
101372
101373
101374
101375
101376
101377
101378
101379
101380
101381
101382
101383
101384
101385
101386
101387
101388
101389
101390
101391
101392
101393
101394
101395
101396
101397
101398
101399
101400
101401
101402
101403
101404
101405
101406
101407
101408
101409
101410
101411
101412
101413
101414
101415
101416
101417
101418
101419
101420
101421
101422
101423
101424
101425
101426
101427
101428
101429
101430
101431
101432
101433
101434
101435
101436
101437
101438
101439
101440
101441
101442
101443
101444
101445
101446
101447
101448
101449
101450
101451
101452
101453
101454
101455
101456
101457
101458
101459
101460
101461
101462
101463
101464
101465
101466
101467
101468
101469
101470
101471
101472
101473
101474
101475
101476
101477
101478
101479
101480
101481
101482
101483
101484
101485
101486
101487
101488
101489
101490
101491
101492
101493
101494
101495
101496
101497
101498
101499
101500
101501
101502
101503
101504
101505
101506
101507
101508
101509
101510
101511
101512
101513
101514
101515
101516
101517
101518
101519
101520
101521
101522
101523
101524
101525
101526
101527
101528
101529
101530
101531
101532
101533
101534
101535
101536
101537
101538
101539
101540
101541
101542
101543
101544
101545
101546
101547
101548
101549
101550
101551
101552
101553
101554
101555
101556
101557
101558
101559
101560
101561
101562
101563
101564
101565
101566
101567
101568
101569
101570
101571
101572
101573
101574
101575
101576
101577
101578
101579
101581
101582
101583
101584
101585
101586
101587
101588
101589
101590
101591
101592
101593
101594
101595
101596
101597
101598
101599
101600
101601
101602
101603
101604
101605
101606
101607
101608
101609
101610
101611
101612
101613
101614
101615
101616
101617
101618
101619
101620
101621
101622
101623
101624
101625
101626
101627
101628
101629
101630
101631
101632
101633
101634
101635
101636
101637
101638
101639
101640
101641
101642
101643
101644
101645
101646
101647
101648
101649
101650
101651
101652
101653
101654
101655
101656
101657
101658
101659
101660
101661
101662
101663
101664
101665
101666
101667
101668
101669
101670
101671
101672
101673
101674
101675
101676
101677
101678
101679
101680
101681
101682
101683
101684
101685
101686
101687
101688
101689
101690
101691
101692
101693
101694
101695
101696
101697
101698
101699
101700
101701
101702
101703
101704
101705
101706
101707
101708
101709
101710
101711
101712
101713
101714
101715
101716
101717
101718
101719
101720
101721
101722
101723
101724
101725
101726
101727
101728
101729
101730
101731
101732
101733
101734
101735
101736
101737
101738
101739
101740
101741
101742
101743
101744
101745
101746
101747
101748
101749
101750
101751
101752
101753
101754
101755
101756
101757
101758
101759
101760
101761
101762
101763
101764
101765
101766
101767
101768
101769
101770
101771
101772
101773
101774
101775
101776
101777
101778
101779
101780
101781
101782
101783
101784
101785
101786
101787
101788
101789
101790
101791
101792
101793
101794
101795
101796
101797
101798
101799
101800
101801
101802
101803
101804
101805
101806
101807
101808
101809
101810
101811
101812
101813
101814
101815
101816
101817
101818
101819
101820
101821
101822
101823
101824
101825
101826
101827
101828
101829
101830
101831
101832
101833
101834
101835
101836
101837
101838
101839
101840
101841
101842
101843
101844
101845
101846
101847
101848
101849
101850
101851
101852
101853
101854
101855
101856
101857
101858
101859
101860
101861
101862
101863
101864
101865
101866
101867
101868
101869
101870
101871
101872
101873
101874
101875
101876
101877
101878
101879
101880
101881
101882
101883
101884
101885
101886
101887
101888
101889
101890
101891
101892
101893
101894
101895
101896
101897
101898
101899
101900
101901
101902
101903
101904
101905
101906
101907
101908
101909
101910
101911
101912
101913
101914
101915
101916
101917
101918
101919
101920
101921
101922
101923
101924
101925
101926
101927
101928
101929
101930
101931
101932
101933
101934
101935
101936
101937
101938
101939
101940
101941
101942
101943
101944
101945
101946
101947
101948
101949
101950
101951
101952
101953
101954
101955
101956
101957
101958
101959
101960
101961
101962
101963
101964
101965
101966
101967
101968
101969
101970
101971
101972
101973
101974
101975
101976
101977
101978
101979
101980
101981
101982
101983
101984
101985
101986
101987
101988
101989
101990
101991
101992
101994
101995
101996
101997
101998
101999
102000
102001
102002
102003
102004
102005
102006
102007
102008
102009
102010
102011
102012
102013
102014
102015
102016
102017
102018
102019
102020
102021
102022
102023
102024
102025
102026
102027
102028
102029
102030
102031
102032
102033
102034
102035
102036
102037
102038
102039
102040
102041
102042
102043
102044
102045
102046
102047
102049
102050
102051
102052
102053
102054
102055
102056
102057
102058
102059
102060
102061
102062
102063
102064
102065
102066
102067
102068
102069
102070
102071
102072
102073
102074
102075
102076
102077
102078
102079
102080
102081
102082
102083
102084
102085
102086
102087
102088
102089
102090
102091
102092
102093
102094
102095
102096
102097
102098
102099
102100
102101
102102
102103
102104
102105
102106
102107
102108
102109
102110
102111
102112
102113
102114
102115
102116
102117
102118
102119
102120
102121
102122
102123
102124
102125
102126
102127
102128
102129
102130
102131
102132
102133
102134
102135
102136
102137
102138
102139
102140
102141
102142
102143
102144
102145
102146
102147
102148
102149
102150
102151
102152
102153
102154
102155
102156
102157
102158
102159
102160
102161
102162
102163
102164
102165
102166
102167
102168
102169
102170
102171
102172
102173
102174
102175
102176
102177
102178
102179
102180
102181
102182
102183
102184
102185
102186
102187
102188
102189
102190
102191
102192
102193
102194
102195
102196
102197
102198
102199
102200
102201
102202
102203
102204
102205
102206
102207
102208
102209
102210
102211
102212
102213
102214
102215
102216
102217
102218
102219
102220
102221
102222
102223
102224
102225
102226
102227
102228
102229
102230
102231
102232
102233
102234
102235
102236
102237
102238
102239
102240
102241
102242
102243
102244
102245
102246
102247
102249
102250
102251
102252
102253
102254
102255
102256
102257
102258
102259
102260
102261
102262
102263
102264
102265
102266
102267
102268
102269
102270
102271
102272
102273
102278
102279
102280
102281
102282
102283
102284
102285
102286
102287
102288
102289
102290
102291
102292
102293
102294
102295
102296
102297
102298
102299
102300
102301
102302
102303
102304
102305
102306
102307
102308
102309
102310
102311
102312
102313
102314
102315
102316
102317
102318
102319
102320
102321
102322
102323
102324
102325
102326
102327
102328
102329
102330
102331
102332
102333
102334
102335
102336
102337
102338
102339
102340
102341
102342
102343
102344
102345
102346
102347
102348
102349
102350
102351
102352
102353
102354
102355
102356
102357
102358
102359
102360
102361
102362
102363
102364
102365
102366
102367
102368
102369
102370
102371
102372
102373
102374
102375
102376
102377
102378
102379
102380
102381
102382
102383
102384
102385
102386
102387
102388
102389
102390
102391
102392
102393
102394
102395
102396
102397
102398
102399
102400
102401
102402
102403
102404
102405
102406
102407
102408
102409
102410
102411
102412
102413
102414
102415
102416
102417
102418
102419
102420
102421
102422
102423
102424
102425
102426
102427
102428
102429
102430
102431
102432
102433
102434
102435
102436
102437
102438
102439
102440
102441
102442
102443
102444
102445
102446
102447
102448
102449
102450
102451
102452
102453
102454
102455
102456
102457
102458
102459
102460
102461
102462
102463
102464
102465
102466
102467
102468
102469
102470
102471
102472
102473
102474
102475
102476
102477
102478
102479
102480
102481
102482
102483
102484
102485
102486
102487
102488
102489
102490
102491
102492
102493
102494
102495
102496
102497
102498
102499
102500
102501
102502
102503
102504
102505
102506
102507
102508
102509
102510
102511
102512
102513
102514
102515
102516
102517
102518
102519
102520
102521
102522
102523
102524
102525
102526
102527
102528
102529
102530
102531
102532
102533
102534
102535
102536
102537
102538
102539
102540
102541
102542
102543
102544
102545
102546
102547
102548
102549
102550
102551
102552
102553
102554
102555
102556
102557
102558
102559
102560
102561
102562
102563
102564
102565
102566
102567
102568
102569
102570
102571
102572
102573
102574
102575
102576
102577
102578
102579
102580
102581
102582
102583
102584
102585
102586
102587
102588
102589
102590
102591
102592
102593
102594
102595
102596
102597
102598
102599
102600
102601
102602
102603
102604
102605
102606
102607
102608
102609
102610
102611
102612
102613
102614
102615
102616
102617
102619
102620
102621
102622
102623
102624
102625
102626
102627
102628
102629
102630
102631
102632
102633
102634
102635
102636
102637
102638
102639
102640
102641
102642
102643
102644
102645
102646
102647
102648
102649
102650
102651
102652
102653
102654
102655
102656
102657
102658
102659
102660
102661
102662
102663
102664
102665
102666
102667
102668
102669
102670
102671
102672
102673
102674
102675
102676
102677
102678
102679
102680
102681
102682
102683
102684
102685
102686
102687
102688
102689
102690
102691
102692
102693
102694
102695
102696
102697
102698
102699
102700
102701
102702
102703
102704
102705
102707
102708
102709
102710
102711
102712
102713
102714
102715
102716
102717
102718
102719
102720
102721
102722
102723
102724
102725
102726
102727
102728
102729
102730
102731
102732
102733
102734
102735
102736
102737
102738
102739
102740
102741
102742
102743
102744
102745
102746
102747
102748
102749
102750
102751
102752
102753
102754
102755
102756
102757
102758
102759
102760
102761
102762
102763
102764
102765
102766
102767
102768
102769
102770
102771
102772
102773
102774
102775
102776
102777
102778
102779
102780
102781
102782
102783
102784
102785
102786
102787
102788
102789
102790
102791
102792
102793
102794
102795
102796
102797
102798
102799
102800
102801
102802
102803
102804
102805
102806
102807
102808
102809
102810
102811
102812
102813
102814
102815
102816
102817
102818
102819
102820
102821
102822
102823
102824
102825
102826
102827
102828
102829
102830
102831
102832
102833
102834
102835
102836
102837
102838
102839
102840
102841
102842
102843
102844
102845
102846
102847
102848
102849
102850
102851
102852
102853
102854
102855
102856
102857
102858
102859
102860
102861
102862
102863
102864
102865
102866
102867
102868
102869
102870
102871
102872
102873
102874
102875
102876
102877
102878
102879
102880
102881
102882
102883
102884
102885
102886
102887
102888
102889
102890
102891
102892
102893
102894
102895
102896
102897
102898
102899
102900
102901
102902
102903
102904
102905
102906
102907
102908
102909
102910
102911
102912
102913
102914
102915
102916
102917
102918
102919
102920
102921
102922
102923
102924
102925
102926
102927
102928
102929
102930
102931
102932
102933
102934
102935
102936
102937
102938
102939
102940
102941
102942
102943
102944
102945
102946
102947
102948
102949
102950
102951
102952
102953
102954
102955
102956
102957
102958
102959
102960
102961
102962
102963
102964
102965
102966
102967
102968
102969
102970
102971
102972
102973
102974
102975
102976
102977
102978
102979
102980
102981
102982
102983
102984
102985
102986
102987
102988
102989
102990
102991
102992
102993
102994
102995
102996
102997
102998
102999
103000
103001
103002
103003
103004
103005
103006
103007
103008
103009
103010
103011
103012
103013
103014
103015
103016
103017
103018
103019
103020
103021
103022
103023
103024
103025
103026
103027
103028
103029
103030
103031
103032
103033
103034
103035
103036
103037
103038
103039
103040
103041
103042
103043
103044
103045
103046
103047
103048
103049
103050
103051
103052
103053
103054
103055
103056
103057
103058
103059
103060
103061
103062
103063
103064
103065
103066
103067
103068
103069
103070
103071
103072
103073
103074
103075
103076
103077
103078
103079
103080
103081
103082
103083
103084
103085
103086
103087
103088
103089
103090
103091
103092
103093
103094
103095
103096
103097
103098
103099
103100
103101
103102
103103
103104
103105
103106
103107
103108
103109
103110
103111
103112
103113
103114
103115
103116
103117
103118
103119
103120
103121
103122
103123
103124
103125
103126
103127
103128
103129
103130
103131
103132
103133
103134
103135
103136
103137
103138
103139
103140
103141
103142
103143
103144
103145
103146
103147
103148
103149
103150
103151
103152
103153
103154
103155
103156
103157
103158
103159
103160
103161
103162
103163
103164
103165
103166
103167
103168
103169
103170
103171
103172
103173
103174
103175
103176
103177
103178
103179
103180
103181
103182
103183
103184
103185
103186
103187
103188
103189
103190
103191
103192
103193
103194
103195
103196
103197
103198
103199
103200
103201
103202
103203
103204
103205
103206
103207
103208
103209
103210
103211
103212
103213
103214
103215
103216
103217
103218
103219
103220
103221
103222
103223
103224
103225
103226
103227
103228
103229
103230
103231
103232
103233
103234
103235
103236
103237
103238
103239
103240
103241
103242
103243
103244
103245
103246
103247
103248
103249
103250
103251
103252
103253
103254
103255
103256
103257
103258
103259
103260
103261
103262
103263
103264
103265
103266
103267
103268
103269
103270
103271
103272
103273
103274
103275
103276
103277
103278
103279
103280
103281
103282
103283
103284
103285
103286
103287
103288
103289
103290
103291
103292
103293
103294
103295
103296
103297
103298
103306
103307
103308
103310
103314
103324
501456
501459
501463
501464
501467
501468
501470
501471
501472
501474
501475
501480
501481
501484
501485
501488
501490
501492
501493
501495
501496
501502
501503
501504
501506
501513
501516
501517
501519
501521
501527
501528
501531
501532
501533
501534
501540
501546
501547
501548
501552
501553
501557
501558
501564
501565
501567
501568
501569
501570
501571
501572
501575
501576
501577
501578
501579
501580
501581
501582
501583
501584
501588
501593
501594
501761
501762
501763
501764
501765
501766
501767
501768
501769
501770
501771
501772
501773
501774
501775
501776
501777
501778
501779
501780
501781
501782
501783
501784
501785
501786
501787
501788
502175
502176
502181
502182
502183
502184
502185
502188
502190
502191
502192
502195
502196
502199
502201
502202
502204
502206
502207
502208
502210
502211
502215
502219
502223
502226
502232
502243
502244
502247
502248
502254
502256
502259
502261
502263
502264
502266
502267
502269
502270
502273
502274
502278
502279
502280
502283
502284
502286
502287
502289
502290
502295
502302
502305
502307
502309
502315
502316
502317
502318
502319
502320
502321
502322
502323
502324
502325
502326
502327
502328
502329
502330
502331
502332
502333
502334
502335
502336
502337
502338
502339
502340
502341
502342
502343
502384
502385
502386
502387
502388
502389
502390
502391
502392
502393
502394
502395
502396
502397
502398
502399
502400
502401
502448
502450
502451
502454
502455
502456
502460
502461
502462
502463
502465
502466
502468
502478
502479
502481
502483
502484
502486
502488
502489
502491
502492
502494
502497
502577
502578
502590
502607
502608
502609
502610
502611
502612
502613
502614
502616
502617
502618
502619
502620
502621
502623
502624
502625
502626
502627
502629
502630
502631
502632
502634
502635
502636
502637
502638
502639
502641
502643
502644
502645
502646
502647
502648
502649
502650
502651
502652
502653
502654
502655
503000
503001
503002
503003
503004
503005
503007
503009
503011
503013
503014
503015
503016
503017
503018
503019
503020
503021
503022
503023
503024
503025
503026
503027
503029
503030
503031
503032
503033
503034
503035
503036
503037
503038
503039
503040
503041
503042
503043
503045
503046
503257
503258
503314
503549
503550
503580
100001
100002
100003
100004
100005
100006
100007
100008
100009
100010
100011
100012
100013
100014
100015
100016
100017
100018
100019
100020
100021
100022
100023
100024
100025
100026
100027
100028
100029
100030
100031
100032
100033
100034
100035
100036
100037
100038
100039
100040
100041
100042
100043
100044
100045
100046
100047
100048
100049
100051
100052
100053
100054
100055
100056
100057
100058
100059
100060
100061
100062
100063
100064
100065
100066
100067
100068
100069
100070
100071
100072
100074
100075
100076
100077
100078
100079
100080
100081
100082
100083
100084
100085
100086
100087
100088
100089
100090
100091
100092
100093
100094
100095
100096
100097
100098
100099
100100
100102
100103
100104
100105
100106
100107
100108
100109
100110
100111
100112
100113
100114
100115
100116
100117
100118
100119
100120
100121
100122
100123
100125
100126
100127
100128
100129
100130
100131
100132
100133
100134
100135
100136
100137
100138
100139
100140
100141
100142
100143
100144
100145
100146
100147
100148
100149
100150
100151
100152
100153
100154
100155
100156
100157
100158
100159
100160
100161
100162
100163
100164
100165
100166
100167
100168
100169
100170
100171
100172
100173
100174
100175
100176
100177
100178
100179
100180
100181
100182
100183
100184
100185
100186
100187
100188
100189
100190
100191
100192
100193
100194
100195
100196
100197
100198
100199
100200
100201
100202
100203
100204
100205
100206
100207
100208
100209
100210
100211
100212
100213
100214
100215
100216
100217
100218
100219
100220
100221
100222
100223
100224
100225
100226
100227
100228
100229
100230
100231
100232
100233
100234
100235
100236
100237
100238
100239
100240
100241
100242
100243
100244
100245
100246
100247
100248
100249
100250
100251
100252
100253
100254
100255
100256
100257
100258
100259
100260
100261
100262
100263
100264
100265
100266
100267
100268
100269
100270
100271
100272
100273
100274
100275
100276
100277
100278
100279
100280
100281
100282
100283
100284
100285
100286
100287
100288
100289
100290
100291
100292
100293
100294
100295
100296
100297
100298
100299
100300
100301
100302
100303
100304
100305
100306
100307
100308
100309
100310
100311
100312
100313
100314
100315
100316
100317
100318
100319
100320
100321
100322
100323
100324
100325
100326
100327
100328
100329
100330
100331
100332
100333
100334
100335
100336
500329
100337
100338
100339
100340
100341
100342
100343
100344
100345
500338
100346
100347
100348
100349
100350
100351
100352
100353
100354
100355
100356
100357
100358
100359
100360
100361
100362
100363
100364
100365
100366
100367
100368
100369
100370
100371
100372
100373
100374
100375
100376
100377
100378
100379
100380
100381
100382
100383
100384
100385
100386
100387
100388
100389
100390
100391
100392
100393
100394
100395
100396
100397
100398
100399
100400
100401
100402
100403
100404
100405
100406
100407
100408
100409
100410
100411
100413
100414
100415
100416
100417
100418
100420
100421
100422
100423
100424
100425
100426
100427
100428
100429
100430
100431
100432
100433
100434
100435
100436
100437
100438
100439
100440
100441
100442
100443
100444
100445
100446
100447
100448
100449
100450
100451
100452
100453
100454
100455
100456
100457
100458
100459
100460
100461
100462
100463
100464
100465
100466
100467
100468
100469
100470
100471
100472
100473
100474
100475
100476
100477
100478
100479
100480
100481
100482
100483
100484
100485
100486
100487
100488
100489
100490
100491
100492
100493
100494
100495
100496
100497
100498
100499
100500
100501
100502
100503
100504
100505
100506
100507
100508
100509
100510
100511
100512
100513
100514
100515
100516
100517
100518
100519
100520
100521
100522
100523
100524
100525
100526
100527
100528
100529
100530
100531
100532
100533
100534
100535
100536
100537
100538
100539
100540
100541
100542
100543
100544
100545
100546
100547
100548
100549
100550
100551
100552
100553
100554
100555
100556
100557
100558
100559
100560
100561
100562
100563
100564
100565
100566
100567
100568
100569
100570
100571
100572
100573
100574
100575
100576
100577
100578
100579
100580
100581
100582
100583
100584
100585
100586
100587
100588
100589
100590
100591
100592
100593
100594
100595
100596
100597
100598
100599
100600
100601
100602
100603
100604
100605
100606
100607
100608
100609
100610
100611
100612
100613
100614
100615
100616
100617
100618
100619
100620
100621
100622
100623
100624
100625
100626
100627
100628
100629
100630
100631
100632
100633
100634
100635
100636
100637
100638
100639
100640
100641
100642
100643
100644
100645
100646
100647
100648
100649
100650
100651
100652
100653
100654
100655
100656
100657
100658
100659
100660
100661
100662
100663
100664
100665
100666
100667
100668
100669
100670
100671
100672
100673
100674
100675
100676
100677
100678
100679
100680
100681
100682
100683
100684
100685
100686
100687
100688
100689
100690
100691
100692
100693
100694
100695
100696
100697
100698
100699
100700
100701
100702
100703
100704
100705
100706
100707
100708
100709
100710
100711
100712
100713
100714
100715
100716
100717
100718
100719
100720
100721
100722
100723
100724
100725
100726
100727
100728
100729
100730
100731
100732
100733
100734
100735
100736
100737
100738
100739
100740
100741
100742
100743
100744
100745
100746
100747
100748
100749
100750
100751
100752
100753
100754
100755
100756
100757
100758
100759
100760
100761
100762
100763
100764
100765
100766
100767
100768
100769
100770
100771
100772
100773
100774
100775
100776
100777
100778
100779
100780
100781
100782
100783
100784
100785
100786
100787
100788
100789
100790
100791
100792
100793
100794
100795
100796
100797
100798
100799
100800
100801
100802
100803
100804
100805
100806
100807
100808
100809
100810
100811
100812
100813
100814
100815
100816
100817
100818
100819
100820
100821
100822
100823
500850
100824
100825
100826
100827
100828
100829
100830
100831
100832
100833
100834
100835
100836
100837
100838
100839
100840
100841
100842
100843
100844
100845
100846
100847
100848
100849
100850
100851
100852
100853
100854
100855
100856
100857
100858
100859
100860
100861
100862
100863
100864
100865
100866
100867
100868
100869
100870
100871
100872
100873
100874
100875
500906
100876
100877
100878
100879
100880
100881
100882
100883
100884
100885
100886
100887
100888
100889
100890
100891
100892
100893
100894
100895
100896
100897
100898
100899
100900
100901
100902
100903
100904
100905
100906
100907
100908
100909
100910
100911
100912
100913
100914
100915
100916
100917
100918
100919
100920
100921
100922
100923
100924
100925
100926
100927
100928
100930
100931
100932
100933
100934
100935
100936
100937
100938
100940
100941
100942
100943
100944
100945
100946
100947
100948
100949
100950
100951
100952
100953
100954
100955
100956
100957
100958
100959
100960
100961
100962
100963
100964
100965
100966
100967
100968
100969
100970
100971
100972
100973
100974
100975
100976
100977
100978
100979
100980
100981
100982
100983
100984
100985
100986
100987
100988
100989
100990
100991
100992
100993
100994
100995
100996
100997
100998
100999
101000
101001
101002
101003
101004
101005
101006
101007
101008
101009
101010
101011
101012
101013
101014
101015
101016
101017
101018
101019
101020
101021
101022
101023
101024
101025
101026
101027
101028
101029
101030
101031
101032
101033
101034
101035
101036
101037
101038
101039
101040
101041
101042
101043
101044
101045
101046
101047
101048
101049
101050
101051
101052
101053
101054
101055
101056
101057
101058
101059
101060
101061
101062
101063
101064
101065
101066
101067
101068
101069
101070
101071
101072
101073
101074
101075
101076
101077
101078
101079
101080
101081
101082
101083
101084
101085
101086
101087
101088
101089
101090
101091
101092
101093
101094
101095
101096
101097
101098
101099
101100
101101
101102
101103
101104
101105
101106
101107
101108
101109
101110
101111
101112
101113
101114
101115
101116
101117
101118
101119
101120
101121
101122
101123
101124
101125
101126
101127
101128
101129
101130
101131
101132
101133
101134
101135
101136
101137
101138
101139
101140
101141
101142
101143
101144
101145
101146
101147
101148
101149
101150
101151
101152
101153
101154
101155
101156
101157
101158
101159
101160
101161
101162
101163
101164
101165
101166
101167
101168
101169
101170
101171
101172
101173
101174
101175
101176
101177
101178
101179
101180
101181
101182
101183
101184
101185
101186
101187
101188
101189
101190
101191
101192
101193
101194
101195
101196
101197
101198
101199
101200
101201
101202
101203
101204
101205
101206
101207
101208
101209
101210
101211
101212
101214
101215
101216
101217
101218
101219
101220
101221
101222
101223
101224
101225
101226
101227
101228
101229
101230
101231
101232
101233
101234
101235
101236
101237
101238
101239
101240
101241
101242
101243
101244
101245
101246
101247
101248
101249
101250
101251
101252
101253
101254
101255
101256
101257
101258
101259
101260
101261
101262
101263
101264
101265
101266
101267
101268
101269
101270
101271
101272
101273
101274
101275
101276
101277
101278
101279
101280
101281
101282
101283
101284
101285
101286
101287
101288
101289
101290
101291
101292
101293
101294
101295
101296
101297
101298
101299
101300
101301
101302
101303
101304
101306
101307
101308
101309
101310
101311
101312
101313
101314
101315
101316
101317
101318
101319
101320
101321
101322
101323
101324
101325
101326
101327
101328
101329
101330
101331
101332
101333
101334
101335
101336
501352
101337
101338
101339
101340
101341
101342
101343
101344
101345
101346
101347
101348
101349
101350
101351
101352
101353
101354
101355
101356
101357
101358
101359
101360
101362
101363
101364
101365
101366
101367
101368
101369
101370
101371
101372
101373
101374
101375
101376
101377
101378
101379
101380
101381
101382
101383
101384
101385
101386
101387
101388
101389
101390
101391
101392
101393
101394
101395
101396
101397
101398
101399
101400
101401
101402
101403
101404
101405
101406
101407
101408
101409
101410
101411
101412
101413
101414
101415
101416
101417
101418
101419
101420
101421
101422
101423
101424
101425
101426
101427
101428
101429
101430
101431
101432
101433
101434
501456
501459
501463
501464
501467
501468
501470
501471
501472
501474
501475
501480
101435
501481
101436
101437
101438
501484
101439
501485
101440
101441
101442
501488
101443
101444
501490
101445
101446
501492
101447
501493
101448
101449
501495
101450
501496
101451
101452
101453
101454
101455
501502
101456
501503
101457
501504
101458
101459
501506
101460
101461
101462
101463
101464
101465
501513
101466
101468
501516
101469
501517
101470
501519
501521
101471
101472
101473
101474
101475
101476
101477
101478
101479
501527
101480
501528
101481
101482
101483
501531
101484
501532
101485
501533
101486
501534
101487
101488
101489
101490
101491
101492
501540
101493
101494
101495
101496
101497
501546
101498
501547
101499
501548
101500
101501
101502
101503
501552
101504
501553
101505
101506
101507
101508
501557
501558
101509
101510
101511
101512
101513
101514
501564
101515
501565
101516
101517
501567
101518
501568
101519
501569
101520
501570
101521
501571
101522
501572
101523
101524
101525
501575
101526
501576
101527
501577
101528
501578
101529
501579
101530
501580
101531
501581
101532
501582
101533
501583
101534
501584
101535
101536
101537
101538
501588
101539
101540
101541
101542
101543
501593
101544
501594
101545
101546
101547
101548
101549
101550
101551
101552
101553
101554
101555
101556
501607
101557
101558
101559
101560
101561
101562
101563
101564
101565
101566
101567
101568
101569
101570
101571
101572
101573
101574
101575
101576
101577
101578
101579
101580
101581
101582
101583
101584
101585
101586
101587
101588
101589
101590
101591
101592
101593
101594
101595
101596
101597
101598
101599
101600
101601
101602
101603
101604
101605
101606
101607
101608
101609
101610
101611
101612
101613
101614
101615
101616
101617
101618
101619
101620
101621
101622
101623
101624
101625
101626
101627
101628
101629
101630
101631
101632
101633
101634
101635
101636
101637
101638
101639
101640
101641
101642
101643
101644
101645
101646
101647
101648
101649
101650
101651
101652
101653
101654
101655
101656
101657
101658
101659
101660
101661
101662
101663
101664
101665
101666
101667
101668
101669
101670
101671
101672
101673
101674
101675
101676
101677
101678
101679
101680
101681
101682
101683
101684
101685
101686
101687
101688
101689
101690
101691
101692
101693
101694
101695
101696
101697
101698
101699
501761
101700
501762
101701
501763
101702
501764
101703
501765
101704
501766
101705
501767
101706
501768
101707
501769
101708
501770
101709
501771
101710
501772
101711
501773
101712
501774
101713
501775
101714
501776
101715
501777
101716
501778
101717
501779
101718
501780
101719
501781
101720
501782
101721
501783
101722
501784
101723
501785
101724
501786
501787
101725
501788
101726
101727
101728
101729
101730
101731
101732
101733
101734
101735
101736
101737
101738
101739
101740
101741
101742
101743
101744
101745
101746
101747
101748
101749
101750
101751
101752
101753
101754
101755
101756
101757
101758
101759
101760
101761
101762
101763
101764
101765
101766
101767
101768
101769
101770
101771
101773
101774
101775
101776
101777
101778
101779
101780
101781
101782
101783
101784
101785
101786
101787
101788
101789
101790
101791
101792
101794
101795
101796
101797
101798
101799
101800
101801
101802
101803
101804
101805
101806
101807
101808
101809
101810
101811
101812
101813
101814
101815
101816
101817
101818
101819
101820
101821
101822
101823
101824
101825
101826
101827
101828
101829
101830
101831
101832
101833
101834
101835
101836
101837
101838
101839
101840
101841
101842
101843
101844
101845
501916
101846
101847
101848
101849
101850
101851
101852
101853
101854
101855
101856
101857
101858
101859
101860
101861
101862
101863
101864
101865
101866
101867
101868
101869
101870
101871
101872
101873
101874
101875
101876
101877
101878
101879
101880
101881
101882
101883
101884
101885
101886
101887
101888
101889
101890
101891
101892
101893
101894
101895
101896
101897
101898
101899
101900
101901
101902
101903
101904
101905
101906
101907
101908
101909
101910
101911
101912
101913
101914
101915
101916
101917
101918
101919
101920
101922
101923
101924
101925
101926
101927
101928
101929
101930
101931
101932
101933
101934
101935
101936
101937
101938
101939
101940
101941
101942
101943
101944
101945
101946
101947
101948
101949
101950
101951
101952
101953
101954
101955
101956
101957
101958
101959
101960
101961
101962
101963
101964
101965
101966
101967
101968
101969
101970
101971
101972
101973
101974
101975
101976
101977
101978
101979
101980
101981
101982
101983
101984
101985
101986
101987
101988
101989
101990
101991
101992
101993
101994
101995
101996
101997
101998
101999
102000
102001
102002
102003
102004
102005
102006
102007
102008
102009
102010
102011
102012
102013
102014
102015
102016
102017
102018
102019
102020
102021
102022
102023
102024
102025
102026
102027
102028
102029
102030
102031
102032
102033
102034
102035
102036
102037
102038
102039
102040
102041
102042
102043
102044
102045
102046
102047
102048
102049
102050
102051
102052
102053
102054
102055
102056
102057
102058
102059
102060
102061
102062
102063
102064
102065
102066
102067
102068
102069
102070
102071
102072
102073
102074
102075
102076
102077
102078
102079
102080
102081
102082
102083
502175
102084
502176
102085
102086
102087
102088
502181
102089
102090
502182
502183
102091
502184
102092
502185
102093
102094
102095
502188
102096
102097
502190
102098
502191
102099
502192
102100
102101
102102
502195
102103
502196
102104
102105
102106
502199
102107
102108
502201
102109
502202
102110
502204
102111
102112
502206
102113
502207
102114
502208
102115
102116
502210
102117
502211
102118
102119
102120
102121
502215
102122
102123
102124
102125
502219
102126
102127
102128
502223
102129
102130
102131
502226
102132
102133
102134
102135
102136
102137
502232
102138
102139
102140
102141
102142
102143
102144
102145
102146
102147
102148
102149
502243
502244
502247
502248
502254
502256
502259
502261
502263
502264
502266
502267
502269
502270
102150
102151
502273
102152
502274
102153
102154
102155
502278
102156
102157
502279
502280
102158
102159
102160
502283
102161
502284
102162
102163
502286
102164
502287
102165
102166
502289
102167
502290
102168
102169
102170
102171
502295
102172
102173
102174
102175
102176
102177
102178
502302
102179
102180
102181
502305
102182
102183
502307
102184
102185
502309
102186
102187
102188
102189
102190
102191
102192
102193
502315
502316
502317
102194
502318
102195
502319
102196
502320
102197
502321
102198
502322
102199
502323
102200
502324
102201
502325
102202
502326
102203
502327
102204
502328
102205
502329
102206
502330
102207
502331
102208
502332
102209
502333
102210
502334
102211
502335
102212
502336
102213
102214
502337
502338
102215
502339
102216
502340
102217
102218
502341
102219
502342
102220
502343
102221
102222
102223
102224
102225
102226
102227
102228
102229
102230
102231
102232
102233
102234
102235
102236
102237
102238
102239
102240
102241
102242
102243
102244
102245
102246
102247
102248
102249
102250
102251
102252
102253
102254
102255
102256
102257
502384
102258
502385
102259
502386
102260
502387
102261
502388
102262
502389
102263
502390
102264
502391
102265
502392
102266
502393
102267
502394
502395
102268
502396
102269
102270
502397
102271
502399
102272
502400
102273
502401
102278
102279
102280
102281
102282
102283
102284
102285
102286
102287
102288
102289
102290
102291
102292
102293
102294
102295
102296
102297
102298
102299
102300
102301
102302
102303
102304
102305
102306
102307
102308
102309
102310
102311
102312
102313
102314
102315
102316
102317
502448
102318
102319
502450
102320
502451
102321
102322
102323
502454
102324
502455
102325
502456
102326
102327
102328
102329
502460
102330
502461
102331
502462
102332
502463
102333
102334
502465
102335
502466
102336
102337
502468
102338
102339
102340
102341
102342
102343
102344
102345
102346
502478
102347
502479
102348
102349
102350
502481
102351
102352
502483
102353
502484
102354
502486
102355
102356
502488
102357
502489
102358
102359
502491
102360
502492
102361
102362
502494
102363
102364
102365
502497
102366
102367
102368
102369
102370
102371
102372
102373
102374
102375
102376
102377
102378
102379
102380
102381
102382
102383
102384
102385
102386
102387
102388
102389
102390
102391
102392
102393
102394
102395
102396
102397
102398
102399
102400
102401
102402
102403
102404
102405
102406
102407
102408
102409
102410
102411
102412
102413
102414
102415
102416
102417
102418
102419
102420
102421
102422
102423
102424
102425
102426
102427
102428
102429
102430
102431
102432
102433
102434
102435
102436
102437
102438
102439
102440
102441
502577
102442
502578
102443
102444
102445
102446
102447
102448
102449
102450
102451
102452
102453
502590
102454
102455
102456
102457
102458
102459
102460
102461
102462
102463
102464
102465
102466
102467
102468
102469
502607
102470
502608
102471
502609
102472
502610
102473
502611
102474
502612
102475
502613
102476
502614
102477
102478
102479
102480
502616
502617
502618
502619
102481
502620
102482
502621
102483
102484
502623
102485
502624
102486
502625
102487
502626
102488
502627
102489
102490
502629
102491
502630
102492
502631
102493
502632
102494
102495
502634
102496
502635
102497
502636
102498
502637
102499
502638
102500
502639
102501
102502
502641
102503
102504
502643
102505
502644
102506
502645
102507
502646
102508
502647
102509
502648
102510
502649
102511
502650
102512
502651
102513
502652
102514
502653
102515
502654
102516
502655
102517
102518
102519
102520
102521
102522
102523
102524
102525
102526
102527
102528
102529
102530
102531
102532
102533
102534
102535
102536
102537
102538
102539
102540
102541
102542
102543
102544
102545
102546
102547
102548
102549
102550
102551
102552
102553
102554
102555
102556
102557
102558
102559
102560
102561
102562
102563
102564
102565
102566
102567
102568
102569
102570
102571
102572
102573
102574
102575
102576
102577
102578
102579
102580
102581
102582
102583
102584
102585
102586
102587
102588
102589
102590
102591
102592
102593
102594
102595
102596
102597
102598
102599
102600
102601
102602
102603
102604
102605
102606
102607
102608
102609
102610
102611
102612
102613
102614
102615
102616
102617
102618
102619
102620
102621
102622
102623
102624
102625
102626
102627
102628
102629
102630
102631
102632
102633
102634
102635
102636
102637
102638
102639
102640
102641
102642
102643
102644
102645
102646
102647
102648
102649
102650
102651
102652
102654
102655
102656
102657
102658
102659
102660
102661
102662
102663
102664
102665
102666
102667
102668
102669
102670
102671
102672
102673
102674
502824
102675
102676
102677
102678
102679
102680
102681
102682
102683
102684
102685
102686
102687
102688
102689
102690
102691
102692
102693
102694
102695
102696
102697
102698
102699
102700
102701
102702
102703
102704
102705
102706
102707
102708
102709
102710
102711
102712
102713
102714
102715
102716
102717
102718
102719
102720
102721
102722
102723
102724
102725
102726
102727
102728
102729
102730
102731
102732
102733
102734
102735
102736
102737
102738
102739
102740
102741
102742
102743
102744
102745
102746
102747
102748
102749
102750
102751
102752
102753
102754
102755
102756
102757
102758
102759
102760
102761
102762
102763
102764
102765
102766
102767
102768
102769
102770
102771
102772
102773
102774
102775
102776
102777
102778
102779
102780
102781
102782
102783
102784
102785
102786
102787
102788
102789
102790
102791
102792
102793
102794
102795
102796
102797
102798
102799
102800
102801
102802
102803
102804
102805
102806
102807
102808
102809
102810
102811
102812
102813
102814
102815
102816
102817
102818
102819
102820
102821
102822
102823
102824
102825
102826
102827
102828
102829
102830
102831
102832
102833
102834
102835
102836
102837
102838
102839
102840
102841
102842
102843
102844
102845
102846
102847
102848
102849
102850
102851
102852
102853
102854
102855
102856
102857
102858
102859
102860
102861
102862
102863
102864
102865
102866
102867
102868
102869
102870
102871
102872
102873
102874
102875
102876
102877
102878
102879
102880
102881
102882
503000
102883
503001
102884
503002
102885
503003
102886
503004
102887
503005
102888
102889
503007
102890
102891
503009
102892
503010
102893
503011
102894
503013
102895
503014
102896
503015
102897
503016
102898
503017
102899
503018
102900
503019
102901
102902
503020
102903
503021
102904
503022
102905
503023
102906
503024
102907
503025
102908
503026
503027
102909
102910
503029
102911
503030
102912
102913
503031
102914
503032
102915
503033
102916
503034
503035
102917
503036
102918
102919
503037
102920
503038
102921
503039
102922
503040
102923
503041
102924
503042
102925
503043
102926
503045
102927
503046
102928
102929
102930
102931
102932
102933
102934
102935
102936
102937
102938
102939
102940
102941
102942
102943
102944
102945
102946
102947
102948
102949
102950
102951
102952
102953
102954
102955
102956
102957
102958
102959
102960
102961
102962
102963
102964
102965
102966
102967
102968
102969
102970
102971
102972
102973
102974
102975
102976
102977
102978
102979
102980
102981
102982
102983
102984
102985
102986
102987
102988
102989
102990
102991
102992
102993
102994
102995
102996
102997
102998
102999
103000
103001
103002
103003
103004
103005
103006
103007
103008
103009
103010
103011
103012
103013
103014
103015
103016
103017
103018
103019
103020
103021
103022
103023
103024
103025
103026
103027
103028
103029
103030
103031
103032
103033
103034
103035
103036
103037
103038
103039
103040
103041
103042
103043
103044
103045
103046
103047
103048
103049
103050
103051
103052
103053
103054
103055
103056
103057
103058
103059
103060
103061
103062
103063
103064
103065
103066
103067
103068
103069
103070
103071
103072
103073
103074
103075
103076
103077
103078
103079
103080
103081
103082
103083
103084
103085
103086
103087
103088
103089
103090
103091
103092
103093
103094
103095
103096
103097
103098
103099
103100
103101
103102
103103
103104
103106
103107
103108
103109
103110
103111
103112
103113
103114
103115
103116
103117
103118
103119
103120
103121
103122
103123
103124
103125
103126
103127
103128
103129
103130
103131
103132
103133
103134
103135
103136
103137
103138
103139
103140
103141
103142
103143
103144
103145
103146
103147
103148
103149
103150
103151
103152
103153
103154
103155
103156
103157
103158
103159
103160
103161
103162
103163
103164
103165
103166
103167
103168
103169
103170
103171
103172
103173
103174
103175
103176
103177
103178
103179
103180
103181
103182
103183
103184
103185
103186
103187
103188
103189
103190
103191
103192
103193
103194
103195
103196
103197
103198
103199
103200
103201
103202
103203
103204
103205
103206
103207
103208
103209
103210
103211
503257
103212
503258
103213
103214
103215
103216
103217
103218
103219
103220
103221
103222
103223
103224
103225
103226
103227
103228
103229
103230
503314
103231
103232
103233
103234
103235
103236
103237
103238
103239
103240
103241
103242
103243
103244
103245
103246
103247
103248
103249
103250
103251
103253
103254
103255
103256
103257
103258
103259
103260
103261
103262
103263
103264
103265
103266
103267
103268
103269
103270
103271
103272
103273
103274
103275
103276
103277
103278
103279
103280
103281
103282
103283
103284
103285
103286
103287
103288
103289
103290
103291
103292
103293
103294
103295
103296
103297
103298
103306
103307
103308
103310
103314
103324
503549
503550
503580
501455
501457
501458
501460
501461
501462
501465
501466
501469
501473
501476
501477
501478
501479
501482
501483
501486
501487
501489
501491
501494
501497
501498
501499
501500
501501
501505
501507
501508
501509
501510
501511
501512
501514
501515
501518
501520
501522
501523
501524
501525
501526
501529
501530
501535
501536
501537
501538
501539
501541
501542
501543
501544
501545
501549
501550
501551
501554
501555
501556
501559
501566
501573
501574
501585
501586
501587
501589
501590
501591
501592
501595
501596
501597
501598
501599
501600
502177
502178
502179
502180
502186
502187
502189
502193
502194
502197
502198
502200
502203
502205
502209
502212
502213
502214
502216
502217
502218
502220
502221
502222
502224
502225
502227
502228
502229
502230
502231
502233
502234
502235
502236
502237
502238
502239
502240
502241
502242
502245
502246
502249
502250
502251
502252
502253
502255
502257
502258
502260
502262
502265
502268
502271
502272
502275
502276
502277
502281
502282
502285
502291
502292
502293
502294
502297
502298
502299
502300
502301
502303
502304
502306
502308
502402
502403
502404
502405
502406
103508
502407
502408
502409
502410
502411
502412
502413
502414
502415
502416
502447
502449
502453
502457
502458
502459
502464
502467
502469
502470
502471
502472
502473
502474
502475
502476
502477
502480
502482
502485
502487
502493
502496
502498
502499
502500
502501
502502
502503
502569
502579
502580
502581
502583
502584
502585
502586
502587
502588
502589
502591
502592
502593
502594
502595
502596
502615
503006
503008
503012
503028
503044
503047
503048
503049
503050
503051
503052
503053
503054
503055
503259
503260
104306
503315
503531
503532
503533
503534
503535
503536
503537
503538
503539
503540
503541
503542
503543
503544
503545
503546
503547
503548
503551
503552
503553
503554
503555
503556
503557
503558
503559
503560
503561
503562
503563
503564
503565
503566
503567
503568
503569
503570
503571
503572
503573
503574
503575
503576
503577
503578
104610
503579
503581
503582
503583
503584
503585
503586
503587
503588
503589
503590
503592
503593
503594
503595
503596
503597
503598
503599
503600
503601
503602
503603
503604
503605
503606
503608
503609
503610
503611
503612
503613
503614
503615
503616
503617
503618
503619
503620
503621
503622
503623
503624
503625
503626
503627
501601
501602
501603
501604
501605
501606
501608
501609
501610
501611
501612
501613
501614
501615
501616
501617
501618
501619
501620
501621
501622
501623
501624
501625
501626
501627
501628
501629
501630
501631
501632
501633
501634
501635
501636
501637
501638
501639
501640
501641
501642
501643
501644
501645
501646
501647
501648
501649
501650
501651
501652
501653
501654
501655
501656
501657
501658
501659
501661
501662
501663
501664
501665
501666
501667
501668
501669
501670
501671
501672
501673
501674
501675
501676
501677
501678
501679
501680
501681
501682
501683
501684
501685
501686
501687
501688
502504
502505
502506
502507
502508
502510
502511
502513
502514
502515
502516
502656
502657
502659
502661
502662
502663
502665
502666
502668
502669
502670
502672
502673
502674
502675
502676
502677
502679
502680
502681
502684
502685
502686
502687
502688
502689
502690
502692
502693
502694
502695
502696
502697
502700
502701
502702
502704
502705
502707
502708
502709
502710
502711
502712
502713
502714
502715
502716
502717
502718
502719
502721
502722
502723
502724
502725
501601
501602
501603
501604
501605
501606
501607
501608
501609
501610
501611
501612
501613
501614
501615
501616
501617
501618
501619
501620
501621
501622
501623
501624
501625
501626
501627
501628
501629
501630
501631
501632
501633
501634
501635
501636
501637
501638
501639
501640
501641
501642
501643
501644
501645
501646
501647
501648
501649
501650
501651
501652
501653
501654
501655
501656
501657
501658
501659
501660
501661
501662
501663
501664
501665
501666
501667
501668
501669
501670
501671
501672
501673
501674
501675
501676
501677
501678
501679
501680
501681
501682
501683
501684
501685
501686
501687
501688
502504
502505
502506
502507
502508
502510
502511
502513
502514
502515
502516
502656
502657
502659
502661
502662
502663
502665
502666
502668
502669
502670
502672
502673
502674
502675
502676
502677
502679
502680
502681
502684
502685
502686
502687
502688
502689
502690
502692
502693
502694
502695
502696
502697
502700
502701
502702
502704
502705
502707
502708
502709
502710
502711
502712
502713
502714
502715
502716
502717
502718
502719
502721
502722
502723
502724
502725
502727
502728
502730
502731
502732
502733
502734
502736
502739
502740
502741
502742
502743
502744
502745
502748
502751
502753
502756
502759
502761
502762
502763
502764
502765
502766
502768
502769
502770
502771
502772
502773
502774
502775
502776
502778
502779
502780
502781
502784
502787
502788
502789
502790
502792
502793
502794
502795
502797
503080
503081
503261
503262
503263
503316
503317
503318
503319
503320
503321
503322
503323
503324
503325
503326
503327
503328
503329
503330
503331
503332
503333
503334
503335
503336
503337
503338
503339
503340
503343
503344
503345
503346
503375
503416
504195
504196
504198
504199
504200
504201
504204
504205
504206
504207
504211
504212
504216
504218
504220
504222
504226
504227
504228
504229
504230
504232
504233
504234
504235
504238
504240
504243
504244
504245
504246
504247
504248
504249
504253
504254
504256
504258
504262
504263
500864
501092
501431
503056
503058
503060
503061
503062
503063
503064
503632
503633
503634
503635
503636
503637
503638
503639
503640
503641
503642
503643
503644
503645
503646
503647
503648
503649
503650
503651
503652
503653
503654
503655
503656
503657
503658
503659
503660
503661
503662
503663
503664
503665
503666
503667
503668
503669
503670
503671
503672
503673
503674
503675
503676
503677
503678
503679
503680
503681
503682
503683
503684
503685
503686
503687
503688
503689
503690
503691
503692
503693
503694
503695
503696
503697
503698
503699
503700
503701
503702
503703
503704
503705
503706
503707
503708
503709
503710
503711
503712
503713
503714
503715
503716
503717
503718
503719
503720
503721
503722
503723
503724
503725
503726
503727
503728
503729
503730
503731
503732
503733
503734
503735
503736
503737
503738
503739
503740
503741
503742
503743
503744
503745
503746
503747
503748
503749
503750
503751
503752
503753
503754
503755
503756
503757
503758
503759
503760
503761
503762
503763
503764
503765
503766
503767
503768
503769
503770
503771
503772
503773
503774
503775
503776
503777
503778
503779
503780
503781
503782
503783
503784
503785
503786
503787
503788
503789
503790
503791
503792
503793
503794
503795
503796
503797
503798
503799
503800
503801
503802
503803
503804
503805
503806
503807
503808
503809
503810
503811
503812
503813
503816
503817
503818
503820
503821
503822
503823
503824
503825
503826
503827
503828
503829
503830
503831
503832
503833
503834
503835
503836
503837
503838
503839
503840
503841
503842
503843
503844
503845
503846
503847
503848
503849
503850
503851
503852
503853
503854
503855
503856
503857
503858
503859
503860
503861
503862
503863
503864
503865
503866
503867
503868
503869
503870
503871
503872
503873
503874
503875
503876
503877
503878
503879
503883
503884
503885
503886
503887
503888
503889
503890
503891
503892
503893
503894
503895
503896
503897
503898
503899
503900
503901
503902
503903
503906
503907
503908
503909
503910
503911
503912
503913
503914
503915
503916
503917
503918
503919
503920
503921
503922
503923
503924
503925
503926
503927
503928
503929
503930
503931
503932
503933
503934
503935
503936
503937
503938
503939
503940
503941
503942
503943
503944
503945
503946
503947
503948
503949
503950
503951
503952
503953
503954
503955
503956
503957
503964
503965
503966
503967
503968
503969
503970
503971
503972
503973
503974
503975
503976
503977
503978
503979
503980
503981
503982
503983
503984
503985
503986
503987
503988
503989
503993
503994
503995
503996
503997
503998
503999
504000
504001
504002
504003
504004
504005
504006
504007
504008
504009
504010
504011
504012
504176
504177
504178
506445
506446
506447
506448
506449
506450
506513
502398
502398
502398
502398
502398
502398
506762
502398
502398
502727
502767
506806
101027
103273
506993
506994
506995
506996
506997
506998
506999
507000
507001
507002
507097
103273
103273
103273
103273
103273
103273
501432
103013
103013
103024
103026
103050
103058
103059
103078
103085
103090
103096
103102
103103
103111
103112
103114
103122
103128
103163
103166
103171
103175
103178
103198
103212
103216
103221
103228
103230
103234
103235
103241
103249
103253
103258
103262
103274
103281
103286
103253
501789
501790
501791
501792
502509
502512
502571
502575
502576
502658
502660
502664
502667
502671
502678
502682
502683
502691
502698
502699
502703
502706
502720
502726
502729
502735
502737
502738
502747
502749
502750
502752
502754
502755
502757
502758
502760
502777
502782
502783
502785
502786
502791
502796
503072
503414
503415
503501
503502
503503
503504
503505
503506
503507
503508
503509
503510
503511
503512
503513
503514
503515
503516
503517
503518
503519
503520
503521
503522
503523
503524
503525
503526
503527
503528
503529
503530
504013
504014
504015
504016
504017
504018
504019
504020
504021
504022
504023
504024
504025
504026
504027
504028
504029
504030
504031
504032
504033
504034
504035
504036
504037
504039
504040
504041
504042
504043
504044
504045
504046
504047
504048
504049
504050
504051
504052
504053
504054
504055
504056
504057
504058
504059
504060
504061
504062
504063
504064
504065
504066
504067
504068
504069
504070
504071
504072
504073
504074
504075
504076
504077
504078
504079
504080
504081
504082
504083
504084
504085
504086
504087
504088
504089
504090
504091
504092
504093
504094
504095
504096
504097
504098
504099
504100
504101
504102
504103
504104
504105
504106
504107
504108
504109
504110
504111
504112
504113
504114
504115
504116
504117
504118
504119
504120
504121
504122
504123
504124
504126
504127
504128
504129
504130
504131
504132
504133
504134
504135
504136
504137
504138
504139
504140
504141
504142
504143
504144
504145
504146
504147
504148
504149
504150
504151
504152
504153
504154
504155
504156
504157
504158
504159
504160
504161
504162
504163
504164
504165
504166
504167
504168
504169
504170
504171
504172
504173
504179
504180
504181
504182
504183
504184
504185
504186
504187
504188
504189
504190
504191
504192
504193
504194
504197
504202
504203
504208
504209
504210
504213
504214
504215
504217
504219
504221
504223
504224
504225
504231
504236
504237
504239
504241
504242
504255
504257
504259
504260
504261
504264
509764
509765
509766
509767
509771
509772
509773
509777
509778
509782
509784
509785
509786
509787
509789
509790
509791
509793
509794
509795
505203
505253
505254
505255
505256
505257
505258
505259
505260
505261
505262
505263
505264
505265
505266
505267
505268
505269
505270
505271
505272
505273
505274
505275
505276
505277
505278
505279
505280
505282
505284
505285
505286
505287
505288
505289
505290
505291
505292
505293
505294
505295
505296
505297
505298
505299
505300
505301
505302
505303
505304
505305
505306
505307
505308
505309
505310
505311
505312
505313
505314
505315
505316
505317
505318
505319
505320
505321
505322
505323
505324
505325
505326
505327
505328
505329
505330
505331
505332
505333
505334
505335
505336
505337
505338
505339
506076
506077
506078
506079
506080
506081
506082
506084
506085
506086
506087
506088
506089
506090
506091
506092
506093
506094
506095
506096
506097
506098
506099
506100
506101
506102
506103
506104
506105
506106
506107
506108
506109
506110
506111
506112
506113
506114
506115
506116
506117
506118
506119
506120
506121
506122
506123
506124
506125
506126
506127
506128
506129
506414
506761
506763
506764
506765
506766
506767
506768
506769
506770
506771
506772
506773
506774
506775
506776
506778
506779
506780
506781
501275
506782
506783
506784
506785
506786
506787
506788
506789
506790
506791
506792
506793
506794
506795
506797
506798
506799
506800
506801
506802
506803
506804
507082
507083
507084
507085
507086
507087
507088
507089
507090
507091
507092
507093
507094
507095
507096
507098
507099
503057
503059
503065
503066
503067
503068
503069
503070
503071
503073
503074
503075
503076
503077
503079
503341
503498
503499
503500
503628
503629
503630
503631
503814
503815
503880
503881
503882
503904
503905
503958
503959
503960
503961
503962
503963
503990
503991
503992
504174
504175
504250
504251
504252
509854
509855
509856
509857
509858
509859
509860
509861
509862
505211
505212
505213
505214
505218
505221
505401
505402
505403
505404
505405
505406
505407
505408
505409
505410
505411
505412
505413
505414
505415
505416
505417
505418
505419
505420
505421
505422
505423
505424
505425
505426
505427
505428
505429
505430
505431
505432
500800
500801
500802
500803
500804
500867
500929
500935
501052
501053
501054
501085
501093
501094
501095
501096
501325
501326
501327
501328
506304
506305
501427
501430
501433
506415
506444
506494
506496
506497
506499
506500
506515
506516
501560
506517
506519
506520
506523
506524
506525
506527
506528
506530
506531
506532
506533
506534
506535
506537
506538
506539
506540
506541
506542
506543
506545
506546
506547
506549
506550
506551
506553
506554
506555
506556
506557
506558
506559
506560
506561
506562
506563
506564
506565
506566
506568
506571
506572
506573
506575
506576
506577
506579
506580
506581
506582
506583
506584
501589
506585
506586
506587
506589
506590
506591
506592
506594
506595
506596
506597
506598
506599
506600
506601
506602
506603
506604
506605
506606
506607
506608
506609
506611
506612
506613
506614
506615
506616
506617
501793
501794
506805
506807
506808
506809
506810
506811
506812
506813
506814
506815
506860
506861
506862
507003
507004
507005
507006
507007
507008
507009
507010
507011
507012
507013
507014
507015
507016
507017
507018
507019
507020
507021
507022
507023
507024
507025
507026
507027
507028
507029
507030
507032
507033
502167
507034
507035
507036
507037
507038
507039
507040
507041
507042
507043
507044
507045
507046
507047
507048
507049
507050
502517
507501
507502
507504
507505
507506
507509
507510
507511
507513
507517
507524
507528
507538
507540
507541
502798
507543
502801
502802
507548
502808
507552
502809
502813
502814
507558
502815
507559
502816
502817
502818
507562
502821
507565
502824
507571
502830
502831
507574
502834
502835
502839
502840
502841
507593
507594
507595
507596
507598
507599
507602
507605
507606
507615
507616
507622
507625
507626
507627
507629
507630
507727
507729
507737
504265
504266
504267
504268
504269
504270
504271
504272
504273
504274
504275
504276
504277
504278
504279
504280
504281
504282
504283
504284
504285
504286
504287
504288
504289
504290
504291
504293
504294
504295
504296
504297
504298
504299
504300
504301
504302
504303
504304
504305
504306
504307
504308
504309
504310
504311
504312
504313
504314
504315
504316
504317
504318
504319
504320
504321
504322
504323
504324
504325
504326
504327
504328
504329
504330
504331
504332
504333
504334
504335
504336
504337
504338
504339
504340
504341
504342
504343
504344
504345
504346
504347
504348
509745
509746
509748
509768
509769
509770
509774
509775
509776
509779
509780
509781
509783
509788
509792
509804
509805
509807
509808
509809
509810
509811
509812
509813
509865
509866
509869
509870
505209
505215
505216
505219
502572
502799
502800
502803
502804
502805
502806
502807
502810
502811
502812
502819
502820
502822
502823
502825
502826
502827
502828
502829
502832
502833
502836
502837
502838
502842
507109
507110
507111
507112
507113
507114
507115
507116
507117
507118
507119
507120
507121
507122
507123
507124
507125
507126
507127
507128
507129
507130
507131
507132
507133
507134
507135
507136
507137
507138
507139
507140
507141
507142
507143
507144
507145
507146
507147
507148
507149
507150
507151
507152
507153
507154
507155
507156
507157
507158
507159
507160
507161
507162
507163
507164
507165
507166
507167
507168
507169
507170
507171
507172
507173
507174
507175
507176
507177
507178
507179
507180
507181
507182
507183
507184
507185
507186
507187
507188
507189
507190
507191
507192
507193
507194
507195
507196
507197
507198
507199
507200
507201
507202
507203
507204
507205
507206
507207
507208
507209
507210
507211
507212
507213
507214
507215
507216
507217
507218
507219
507220
507221
507222
507223
507224
507225
507226
507227
507228
507229
507230
507231
507232
507233
507234
507235
507236
507237
507238
507239
507240
507241
507242
507243
507244
507245
507246
507247
507248
507249
507250
507251
507252
507253
507254
507255
507256
507257
507258
507259
507260
507261
507262
507263
507264
507265
507266
507267
507268
507269
507270
507271
507272
507273
507274
507275
507276
507277
507278
507283
507284
507285
507286
507287
507288
507289
507290
507291
507292
507293
507294
507295
507296
507297
507298
507299
507300
507301
507302
507303
507304
507305
507306
507307
507308
507309
507310
507311
507312
507313
507314
507319
507320
507321
507322
507323
507324
507325
507326
507327
507328
507329
507334
507335
507336
507337
507338
507339
507340
507341
507342
507343
507344
507345
507346
507347
507348
507349
507350
507351
507352
507353
507354
507355
507356
507357
507358
507359
507360
507361
507362
507363
507364
507365
507368
507369
507370
507371
507372
507373
507374
507375
507376
507377
507378
507379
507380
507381
507382
507383
507384
507385
507386
507387
507388
507389
507390
507391
507392
507393
507394
507395
507396
507397
507398
507399
507400
507401
507402
507403
507404
507405
507406
507407
507408
507409
507410
507411
507412
507413
507417
507418
507419
507420
507421
507422
507423
507424
507425
507426
507427
507428
507429
507430
507431
507432
507433
507434
507435
507436
507437
507438
507439
507440
507441
507442
507443
507444
507445
507446
507447
507448
503550
507450
509796
509797
509798
509799
505207
505208
505210
505220
505340
505341
505342
505343
505344
505345
505346
505347
505348
505349
505350
505351
505352
505353
505354
505355
505356
505357
505358
505359
505360
505361
505362
505363
505364
505365
505366
505368
505369
505370
505371
505372
505373
505374
505375
505376
505377
505378
505379
505380
505381
505382
505383
505384
505385
505386
505387
505388
505389
505390
505391
505392
505393
505394
505395
505396
505397
505398
505399
505400
506297
506298
506299
506300
506301
506302
506303
506495
506498
506514
506518
506521
506522
506526
506529
506536
506544
506548
506552
506567
506569
506570
506574
506578
506588
506593
506610
506668
506816
507475
507479
507480
507481
507483
507484
507487
507491
507493
507495
507496
507497
507498
507499
507507
507508
504825
507514
507515
507518
507520
507521
507522
507523
507527
507530
507531
507532
507533
507534
507537
507542
507545
507546
507547
507549
507553
507554
507555
507556
507557
507560
507561
507569
507570
507572
507577
507579
507584
507585
507586
507587
507591
507607
507617
507620
507621
507624
507628
507631
507632
507634
507638
507643
507644
507645
507656
507657
507658
507659
507661
507666
507668
507669
507671
507672
507674
507676
507677
507678
507681
507682
507683
507684
507685
507688
507691
507693
507694
507695
507696
507697
507698
507699
507708
507715
507716
507717
507720
507721
507722
507726
507728
507730
507731
507732
507733
507734
507735
507736
509747
509749
509863
509864
509867
509868
505204
505205
505206
505217
507064
507065
507066
507067
507068
507069
507070
507071
507072
507073
507074
507075
507076
507077
507078
507079
507080
507081
507100
507101
507102
507103
507104
507105
507106
507107
507108
507279
507280
507281
507282
507315
507316
507317
507330
507331
507332
507333
507366
507367
507414
507415
507416
507451
507452
507453
507454
507455
507456
507457
507458
507459
507460
507461
507462
507463
507464
507465
507466
507467
507468
507469
507470
507471
507472
507473
507474
507476
507477
507478
507482
507485
507486
507488
507489
507490
507492
507494
507500
507503
507512
507516
507519
507525
507526
507529
507535
507536
507539
507544
507550
507551
507563
507564
507566
507567
507568
507573
507575
507576
507578
507580
507581
507582
507583
507588
507589
507590
507592
507597
507600
507601
507603
507604
507608
507609
507610
507611
507612
507613
507614
507618
507619
507623
507633
507635
507636
507637
507639
507640
507641
507642
507647
507648
507649
507650
507651
507652
507653
507654
507655
507660
507662
507663
507664
507665
507667
507670
507673
507675
507679
507680
507686
507687
507689
507690
507692
507700
507701
507702
507703
507704
507705
507706
507707
507709
507710
507711
507712
507713
507714
507718
507719
507723
507724
507725
509801
509802
509803
509806
504038
504026
503503
503515
503518
503521
503524
503525
503528
509765
509773
507083
507084
506805
509769
509774
509776
509779
509780
509781
507065
507068
507071
507074
507077
507080
505223
505226
506312
506313
506314
506315
506619
506620
507928
507930
507931
507933
507934
507935
507936
507937
507938
507939
507940
507941
507942
507943
507944
507945
507946
507947
507953
507954
507955
507956
509814
509816
509817
509818
509820
509821
509823
509824
510060
510257
511963
512200
512209
512313
512326
514389
514397
514398
514399
514400
514401
514402
514456
514457
514458
514459
514460
514461
514462
514463
514464
514465
514466
514467
514468
514469
514470
514471
514472
514473
514474
514475
514476
514477
514478
514479
514480
514481
514482
514483
514484
514485
514486
514487
514488
514489
514490
514491
514492
514493
514494
514495
514496
514497
514498
514499
514500
514501
514502
514503
514504
514505
514506
514507
514508
514509
514510
514511
514512
514513
514514
514515
514516
514518
514519
514520
514521
514522
514523
514524
514525
514526
514527
514528
514529
514530
514531
514532
514533
514534
514535
514536
514537
514538
514539
514540
514541
514542
514543
514544
514545
514546
514547
514718
517510
517511
517512
517513
517810
511693
511694
511695
512207
512302
512303
512304
512305
512306
512310
512311
512312
512314
512315
512316
512317
512318
512319
512320
512321
512322
512323
512324
512325
512327
512328
512329
512330
512331
512332
512333
512334
512335
512336
512337
512338
512339
512340
512341
512342
512343
512344
512345
512346
512347
512348
512349
512350
512351
512352
512353
512354
512355
512356
512357
512358
512359
512360
512361
512362
512363
512364
512365
512366
512367
512368
512369
512370
512371
512372
512373
512374
512375
512376
512377
512378
512379
512380
512381
512382
512383
512384
512385
512386
512387
512388
512389
512390
512391
512392
514297
514298
514299
514300
514301
514302
514303
514304
514305
514306
514307
514308
514309
514310
514367
514372
514373
514374
514375
514376
514410
514411
514426
514639
514695
514696
514697
514698
514699
514700
514701
514702
514703
514704
514705
514706
514707
514708
514709
514710
514711
514712
514713
514714
514715
514716
514717
514719
514720
514721
514722
514723
514724
514725
514726
514727
514728
514729
514730
514731
514732
514733
514734
514735
514736
514737
514738
514739
514740
514741
517448
517455
517804
517805
517806
517807
517808
517809
510061
510062
510063
510069
510228
510229
510230
510232
510233
510234
510235
510236
510258
510259
510260
510261
510262
510263
510264
510457
510458
510459
510460
510461
510463
510468
510479
510481
510482
510512
510515
510517
510520
510521
510522
510523
510535
510538
510539
510542
510543
510545
510546
510549
510550
510557
510566
510584
510590
510596
510626
510640
510679
510697
510714
510721
510726
510741
510748
510756
510768
510769
510770
510771
510772
510773
510774
510775
510776
510777
510778
510779
511696
511704
511705
511707
511708
511710
511711
511713
511714
511716
511717
511718
511720
511721
511722
511734
511737
511739
511740
511741
511746
511761
511762
511770
511772
511773
511774
511785
511789
511964
511965
511966
512204
512208
512211
512240
512467
512468
512469
512475
512479
512483
512484
512485
512490
512506
512518
512520
512522
512530
512531
512533
512539
512545
512549
512551
512576
512585
512586
512587
512588
512598
512607
512621
512623
512667
512675
512689
512690
512691
512713
512716
512743
512748
512749
514312
514314
514315
514318
514319
514320
514321
514322
514323
514324
514325
514326
514327
514328
514329
514330
514331
514332
514333
514334
514335
514336
514337
514338
514339
514368
514403
514404
514406
514408
514409
514412
514413
514414
514415
514416
514417
514418
514419
514420
514421
514422
514423
514424
514425
514427
514428
514429
514548
514549
514551
514552
514875
514876
514877
514879
514880
514881
514883
514884
514885
514886
514890
514892
514893
514895
514896
514900
514903
514904
514914
514915
514916
514920
514933
514935
514936
514937
514939
514941
514942
514943
514944
514945
514953
514954
514956
514959
514963
514964
514965
514967
514968
514971
514976
514977
514979
514980
514983
514987
514988
514995
514997
514998
514999
515000
515003
515004
515005
515006
515007
515012
515017
515018
515019
515020
515021
515022
515024
515027
515030
515039
515041
515043
515044
515050
515054
515056
515057
515064
515068
515071
515072
515073
515074
515075
515076
515077
515078
515079
515084
515093
515094
515119
515120
515124
515125
515126
515127
515129
515134
515135
515138
515139
515140
515142
515143
515153
515154
515163
515170
515180
515186
515234
515236
515240
515258
515290
515310
515333
515334
515337
515343
515345
515358
515359
515369
517450
517456
517457
517458
517461
517462
517464
517465
517468
517471
517474
517485
517486
517487
517488
517489
517514
517515
517516
517517
517518
517519
517520
517521
517522
517525
517526
517527
517528
517529
517530
517531
517532
517533
517534
517537
517538
517540
517541
517542
517543
517544
517545
517546
517547
517548
517549
517550
517551
517553
517554
517555
517556
517558
517559
517560
517561
517562
517564
517565
517566
517568
517569
517570
517571
517572
517573
517811
517812
517813
517821
517822
517823
517830
517834
517835
517840
517841
517844
517845
517846
517847
517855
517860
517866
517887
517888
517889
517890
517893
517914
517915
517917
517920
517921
517924
517925
517941
517946
517948
517950
517952
517983
517985
517990
518000
518001
518008
518009
518010
518011
518019
518020
518026
518027
518033
518034
518040
518048
518049
518050
518051
518052
518053
518055
518076
518078
518080
518092
518098
518101
518107
518108
518109
518110
518111
518119
518123
518124
518130
518131
518132
518133
518138
518146
518158
518159
518160
518161
518163
518168
518169
518177
518180
518182
518183
518185
518186
518187
518188
518190
518195
518203
518204
518205
518209
518230
518242
518243
518246
518248
518258
518266
518268
518274
518276
518277
518285
518294
518295
518298
518299
518305
518306
518312
518313
518315
518325
518326
518330
518331
518333
518334
518340
518341
518342
518344
518345
518346
518347
518348
518349
518350
518351
518352
518357
518363
518364
518365
518368
518370
518378
518379
518382
518383
518384
518385
518386
518391
518393
518394
518397
518398
518399
518402
518404
518406
518415
518418
518419
518420
518424
518425
518426
518430
518433
518434
518436
518438
518446
518447
518450
518452
518453
518454
518455
518459
518460
518461
518463
510303
510304
510305
510306
510307
510308
510309
510310
510311
510312
510313
510314
510315
510316
510317
510318
510319
510320
510321
510322
510323
510324
510325
510326
510327
510329
510330
510331
510332
510333
510334
510335
510336
510337
510338
510339
510340
510341
510342
510343
510344
510345
510346
510347
510348
510349
510350
510351
510352
510353
510354
510355
510356
510357
510358
510359
510360
510361
510362
510363
510364
510365
510366
510367
510368
510369
510370
510371
510372
510373
510374
510375
510376
510377
510378
510379
510380
510381
510382
510383
510384
510385
510386
510387
510388
510389
510390
510391
510392
510393
510394
510395
510396
510397
510398
510399
510400
510401
510402
510403
510404
510405
510406
510407
510408
510409
510410
510411
510412
510413
510414
510415
510416
510417
510418
510419
510420
510421
510422
510423
510424
510425
510426
510427
510428
510429
510430
510431
512215
512393
512394
512395
512397
512398
512399
512400
512401
512402
512403
512404
512405
512406
512407
512410
512412
512413
512415
514645
514646
514647
514648
514649
514650
514651
514652
514653
514656
514657
514658
514659
514660
514661
514662
514663
514664
514665
514666
514667
514668
514669
514670
514671
514672
514673
514674
514675
514676
514677
514678
514679
514680
514681
514682
514822
514828
514836
517449
517466
517535
517536
517816
517817
517831
517832
517848
517856
517857
517858
517859
517865
517871
517872
517873
517874
517875
517876
517877
517879
517905
517908
517912
517916
517922
517929
517936
517940
517944
517947
517949
517955
517956
517957
517958
517959
517960
517961
517962
517970
517971
517972
517973
517974
517975
517987
517989
517991
517995
518004
518005
518006
518014
518017
511962
511978
512183
512184
512185
512187
512188
512189
512191
512194
512195
512196
512199
512201
512202
512203
512212
512213
512216
512217
512218
512219
512220
512221
512222
512223
512224
512225
512226
512227
512228
512229
512231
512232
512233
512235
512236
512237
512238
512239
512241
512408
512409
512411
512414
512416
512417
512477
512480
512487
512494
512495
512499
512500
512503
512504
512505
512513
512514
512527
512540
512542
512543
512552
512553
512554
512555
512556
512557
512558
512562
512564
512565
512572
512599
512600
512603
512604
512605
512610
512611
512617
512674
512676
512677
512678
512683
512687
512692
512693
512726
512733
512734
512737
512741
512742
514311
514313
514316
514317
514396
514405
514407
514430
514431
514432
514433
514618
514619
514620
514621
514622
514623
514624
514625
514626
514627
514628
514629
514630
514631
514632
514633
514634
514635
514636
514637
514638
514640
514641
514642
514643
514644
514655
514691
514692
514693
514694
514874
514878
514882
514887
514888
514889
514891
514894
514897
514898
514901
514902
514905
514906
514907
514908
514909
514910
514911
514912
514913
514917
514918
514919
514922
514923
514925
514926
514927
514928
514929
514930
514931
514932
514938
514946
514947
514948
514949
514950
514951
514952
514955
514957
514958
514960
514969
514972
514973
514975
514978
514981
514984
514985
514989
514990
514991
514992
514993
514994
514996
515001
515002
515008
515009
515010
515011
515014
515015
515016
515023
515028
515029
515031
515032
515033
515034
515035
515036
515037
515038
515040
515042
515045
515046
515047
515051
515052
515053
515055
515058
515059
515060
515061
515062
515063
515065
515066
515067
515070
515080
515081
515082
515085
515086
515087
515088
515089
515091
515092
515110
515111
515112
515113
515114
515115
515116
515117
515118
515122
515123
515128
515130
515131
515132
515136
515137
515141
515145
515147
515148
515149
515150
515151
515152
515155
515156
515157
515158
515159
515160
515161
515162
515164
515165
515166
515167
515174
515175
515177
515178
515179
515181
515182
515183
515184
515185
515232
515233
515235
515237
515239
515241
515242
515243
515244
515245
515246
515247
515248
515249
515250
515251
515252
515253
515254
515255
515256
515257
515259
515260
515261
515262
515264
515265
515266
515267
515268
515269
515271
515272
515273
515274
515275
515276
515277
515278
515279
515280
515282
515283
515284
515286
515287
515288
515289
515292
515293
515295
515296
515297
515298
515301
515302
515303
515305
515306
515307
515308
515309
515313
515314
515315
515316
515318
515319
515320
515321
515322
515323
515324
515325
515326
515327
515328
515329
515330
515331
515332
515335
515336
515338
515339
515340
515341
515342
515344
515346
515347
515348
515349
515350
515351
515352
515353
515354
515355
515356
515357
515360
515361
515370
515371
515372
515373
517523
517524
517539
517552
517557
517563
517567
517574
517646
517647
517648
517649
517650
517651
517652
517653
517654
517655
517656
517657
517658
517659
517660
517661
517662
517663
517664
517750
517751
517752
517753
517754
517755
517756
517757
517758
517759
517760
517761
517762
517763
517818
517819
517820
517824
517825
517826
517827
517829
517833
517837
517839
517843
517854
517864
517868
517869
517880
517881
517882
517883
517884
517885
517886
517891
517892
517894
517895
517896
517897
517898
517899
517900
517902
517903
517904
517906
517907
517913
517930
517931
517932
517938
517942
517943
517951
517954
517963
517964
517965
517967
517968
517969
517977
517978
517998
517999
518002
518003
518016
518018
518021
518025
518031
518032
518035
518036
518041
518042
518045
518054
518056
518057
518061
518062
518063
518079
518081
518087
518096
518097
518099
518100
518102
518105
518112
518113
518115
518117
518118
518120
518121
518129
518134
518135
518136
518147
518148
518149
518157
518165
518167
518170
518176
518178
518179
518181
518184
518191
518192
518193
518196
518197
518199
518208
518210
518212
518213
518214
518215
518223
518228
518229
518234
518235
518236
518237
518241
518244
518249
518259
518260
518262
518263
518264
518267
518273
518275
518278
518279
518280
518281
518282
518283
518286
518287
518288
518289
518290
518292
518293
518296
518297
518300
518301
518307
518308
518309
518310
518324
518329
518332
518335
518336
518338
518339
518353
518354
518355
518356
518358
518362
518366
518377
518380
518387
518388
518389
518400
518401
518407
518411
518412
518413
518414
518421
518422
518423
518431
518432
518435
518437
518439
518440
518442
518443
518444
518445
518448
518449
518451
510250
510251
510432
510433
510434
510435
510436
510437
510438
510439
510440
510441
510442
510443
510444
510445
510446
510447
510448
510449
510450
510451
510452
510453
510454
510455
510456
510462
510464
510465
510466
510467
510469
510470
510471
510472
510473
510474
510475
510476
510477
510478
510480
510483
510484
510485
510486
510487
510488
510489
510490
510491
510492
510493
510494
510495
510496
510497
510498
510499
510500
510501
510502
510503
510504
510505
510506
510507
510508
510509
510510
510511
510513
510514
510516
510518
510519
510524
510525
510526
510527
510528
510529
510530
510531
510532
510533
510534
510536
510537
510540
510541
510544
510547
510548
510551
510552
510553
510554
510555
510556
510558
510559
510560
510561
510562
510563
510564
510565
510567
510568
510569
510570
510571
510572
510573
510574
510575
510576
510577
510578
510579
510580
510581
510582
510583
510585
510586
510587
510588
510589
510591
510592
510593
510594
510595
510597
510598
510599
510600
510601
510602
510603
510604
510605
510606
510607
510608
510609
510610
510611
510612
510613
510614
510615
510616
510617
510618
510619
510620
510621
510622
510623
510624
510625
510627
510628
510629
510630
510631
510632
510633
510634
510635
510636
510637
510638
510639
510641
510642
510643
510644
510645
510646
510648
510649
510650
510651
510652
510653
510654
510655
510656
510657
510658
510659
510660
510661
510662
510663
510664
510665
510666
510667
510668
510669
510670
510671
510672
510673
510674
510675
510676
510677
510678
510680
510681
510682
510683
510684
510685
510686
510687
510688
510689
510690
510691
510692
510693
510694
510695
510696
510698
510699
510700
510701
510702
510703
510704
510705
510706
510707
510708
510709
510710
510711
510712
510713
510715
510716
510717
510718
510719
510720
510722
510723
510724
510725
510727
510728
510729
510730
510731
510732
510733
510734
510735
510736
510737
510738
510739
510740
510742
510743
510744
510745
510746
510747
510749
510750
510751
510752
510753
510754
510755
510757
510758
510759
510760
510761
510762
510763
510764
510765
510766
510767
511697
511698
511699
511700
511701
511702
511703
511706
511709
511712
511719
511723
511724
511725
511726
511727
511728
511729
511730
511731
511732
511733
511736
511738
511742
511743
511744
511745
511747
511748
511749
511750
511751
511752
511753
511754
511755
511756
511757
511758
511759
511760
511763
511764
511765
511766
511767
511768
511769
511771
511775
511776
511777
511778
511779
511780
511781
511782
511783
511784
511786
511787
511788
511790
511791
511792
511793
511967
511968
512181
512182
512186
512190
512192
512193
512197
512198
512205
512206
512210
512214
512230
512234
512297
512298
512299
512300
512301
512302
