000004
000005
000006
000007
000008
000009
000010
000011
000012
000013
000014
000015
000016
000017
000018
000019
000020
000022
000023
000024
000025
000026
000027
000028
000029
000030
000031
000032
000033
000034
000035
000036
000037
000038
000039
000040
000041
000042
000043
000044
000045
000046
000047
000048
000049
000050
000051
000052
000053
000056
000057
000058
000059
000060
000108
000109
000114
000115
000125
000127
000131
000132
000136
000137
000138
000139
000140
000141
000142
000143
000144
000148
000149
000150
000151
000152
000153
000154
100001
100002
100003
100004
100005
100006
100007
100008
100009
100010
100011
100012
100013
100014
100015
100016
100017
100018
100019
100020
100021
100022
100023
100024
100025
100026
100027
100028
100029
100030
100031
100032
100033
100034
100035
100036
100037
100038
100039
100040
100041
100042
100043
100044
100045
100046
100047
100048
100049
100050
100051
100052
100053
100054
100055
100056
100057
100058
100059
100060
100061
100062
100063
100064
100065
100066
100067
100068
100069
100070
100071
100072
100073
100074
100075
100076
100077
100078
100079
100080
100081
100082
100083
100084
100085
100086
100087
100088
100089
100090
100091
100092
100093
100094
100095
100096
100097
100098
100099
100100
100101
100102
100103
100104
100105
100106
100107
100108
100109
100110
100111
100112
100113
100114
100115
100116
100117
100118
100119
100120
100121
100122
100123
100124
100125
100126
100127
100128
100129
100130
100131
100132
100133
100134
100135
100136
100137
100138
100139
100140
100141
100142
100143
100144
100146
100147
100148
100149
100150
100151
100152
100153
100154
100155
100156
100157
100158
100159
100160
100161
100162
100163
100164
100165
100166
100167
100168
100169
100170
100171
100172
100173
100174
100175
100176
100177
100178
100179
100180
100181
100182
100183
100184
100185
100186
100187
100188
100189
100190
100191
100192
100193
100194
100195
100196
100198
100199
100200
100201
100202
100203
100204
100205
100206
100207
100208
100209
100210
100211
100212
100213
100214
100215
100216
100217
100218
100219
100220
100221
100222
100223
100224
100225
100226
100227
100228
100229
100230
100231
100232
100233
100234
100235
100236
100237
100238
100239
100240
100241
100242
100243
100244
100245
100246
100247
100248
100249
100250
100251
100252
100253
100254
100255
100256
100257
100258
100259
100260
100261
100262
100263
100264
100265
100266
100267
100268
100269
100270
100271
100272
100273
100274
100275
100276
100277
100278
100279
100280
100281
100282
100283
100284
100285
100286
100287
100288
100289
100290
100291
100292
100293
100294
100295
100296
100297
100298
100299
100300
100301
100302
100303
100304
100305
100306
100307
100308
100309
100310
100311
100312
100313
100314
100315
100316
100317
100318
100319
100320
100321
100322
100323
100324
100325
100326
100327
100328
100329
100330
100331
100332
100333
100334
100335
100336
100337
100338
100339
100340
100341
100342
100343
100344
100345
100346
100347
100348
100349
100350
100351
100352
100353
100354
100355
100356
100357
100358
100359
100360
100361
100362
100363
100364
100365
100366
100367
100368
100369
100370
100371
100372
100373
100374
100375
100376
100377
100378
100379
100380
100381
100382
100383
100384
100385
100386
100387
100388
100389
100390
100391
100392
100393
100394
100395
100396
100397
100398
100399
100400
100401
100402
100403
100404
100405
100406
100407
100408
100409
100410
100411
100412
100413
100414
100415
100416
100417
100418
100419
100420
100421
100422
100423
100424
100425
100426
100427
100428
100429
100430
100431
100432
100433
100434
100435
100436
100437
100440
100444
100445
100446
100449
100451
100452
100453
100454
100455
100456
100457
100459
100460
100464
100465
100466
100469
100470
100471
100472
100473
100475
100476
100477
100478
100479
100480
100481
100482
100483
100484
100485
100486
100487
100488
100489
100490
100491
100492
100493
100494
100495
100496
100497
100498
100499
100500
100501
100502
100503
100504
100505
100506
100507
100508
100509
100510
100511
100512
100513
100514
100515
100516
100517
100518
100519
100520
100521
100522
100523
100524
100525
100526
100527
100528
100529
100530
100531
100532
100533
100534
100535
100536
100537
100538
100539
100540
100541
100542
100543
100544
100545
100546
100547
100548
100549
100550
100551
100552
100553
100554
100555
100556
100557
100558
100559
100560
100561
100562
100563
100564
100565
100566
100567
100568
100569
100570
100571
100572
100573
100574
100575
100576
100577
100578
100579
100580
100581
100582
100583
100584
100585
100586
100587
100588
100589
100590
100591
100592
100593
100594
100595
100596
100597
100598
100599
100600
100601
100602
100603
100604
100605
100606
100607
100608
100609
100610
100611
100612
100613
100614
100615
100616
100617
100618
100619
100620
100621
100622
100623
100624
100625
100626
100627
100628
100629
100630
100631
100632
100633
100634
100635
100636
100637
100638
100639
100640
100641
100642
100643
100644
100645
100646
100647
100648
100649
100650
100651
100652
100653
100654
100655
100656
100657
100658
100659
100660
100661
100662
100663
100664
100665
100666
100667
100668
100669
100670
100671
100672
100673
100674
100675
100676
100677
100678
100679
100680
100681
100682
100683
100684
100685
100686
100687
100688
100689
100690
100691
100692
100693
100694
100695
100696
100697
100708
100709
100710
100711
100712
100713
100714
100715
100716
100717
100718
100719
100720
100721
100722
100723
100724
100725
100726
100727
100728
100729
100730
100731
100732
100733
100734
100737
100738
100743
100744
100745
100746
100747
100748
100749
100750
100751
100752
100753
100754
100755
100756
100757
100758
100759
100760
100761
100762
100763
100764
100765
100766
100767
100768
100769
100770
100771
100772
100773
100774
100775
100776
100777
100778
100779
100780
100781
100782
100783
100784
100785
100786
100787
100788
100789
100790
100791
100792
100793
100794
100795
100796
100797
100798
100799
100800
100801
100802
100803
100804
100805
100806
100807
100808
100809
100810
100811
100812
100813
100814
100815
100816
100817
100818
100819
100820
100821
100822
100823
100824
100825
100826
100827
100828
100829
100830
100831
100832
100833
100834
100835
100836
100837
100838
100839
100840
100841
100842
100843
100844
100849
100850
100851
100852
100853
100854
100855
100856
100857
100858
100859
100860
100861
100862
100863
100864
100865
100866
100867
100868
100869
100874
100875
100876
100877
100878
100879
100880
100881
100882
100883
100884
100885
100886
100887
100888
100889
100890
100891
100892
100893
100894
100898
100899
100900
100901
100902
100903
100904
100905
100906
100907
100908
100909
100910
100911
100912
100913
100914
100915
100916
100917
100918
100919
100920
100921
100922
100924
100925
100926
100927
100928
100929
100930
100931
100932
100933
100934
100935
100936
100937
100938
100939
100940
100941
100942
100943
100944
100945
100948
100949
100950
100951
100952
100953
100954
100955
100956
100957
100958
100959
100960
100961
100962
100963
100964
100965
100966
100967
100968
100969
100974
100975
100976
100977
100978
100979
100980
100981
100982
100983
100984
100985
100986
100987
100988
100989
100990
100991
100992
100993
100994
100995
100996
100997
100998
100999
101000
101001
101002
101003
101015
101017
101018
101019
101020
101021
101022
101023
101024
101025
101026
101027
101028
101029
101030
101031
101032
101033
101034
101035
101036
101037
101038
101039
101040
101041
101042
101043
101044
101045
101046
101047
101048
101052
101053
101054
101055
101056
101057
101058
101059
101060
101061
101062
101063
101064
101065
101066
101067
101068
101069
101070
101071
101072
101073
101079
101080
101081
101086
101088
101089
101090
101091
101092
101093
101094
101095
101096
101097
101098
101099
101100
101101
101102
101103
101104
101105
101106
101107
101108
101109
101110
101111
101112
101113
101124
101125
101126
101127
101128
101129
101130
101131
101132
101133
101134
101135
101136
101137
101138
101139
101140
101141
101142
101143
101144
101145
101146
101147
101148
101149
101150
101151
101152
101153
101154
101155
101156
101157
101158
101159
101160
101161
101162
101163
101164
101165
101166
101167
101168
101169
101170
101171
101172
101173
101174
101175
101176
101177
101178
101179
101180
101181
101182
101183
101184
101185
101186
101187
101188
101189
101190
101191
101192
101193
101208
101209
101210
101211
101212
101213
101214
101215
101216
101217
101218
101219
101220
101221
101222
101223
101224
101225
101226
101227
101228
101229
101230
101231
101232
101233
101234
101235
101236
101237
101239
101240
101241
101242
101243
101244
101245
101246
101247
101248
101249
101250
101251
101252
101253
101254
101255
101256
101257
101258
101259
101260
101261
101262
101263
101264
101265
101266
101267
101268
101269
101270
101271
101272
101273
101274
101280
101281
101282
101283
101284
101285
101286
101287
101288
101289
101290
101291
101292
101293
101294
101295
101296
101297
101298
101299
101300
101301
101302
101303
101304
101305
101306
101307
101308
101309
101310
101311
101312
101313
101314
101315
101316
101317
101318
101319
101328
101329
101330
101331
101332
101333
101334
101335
101336
101337
101338
101339
101340
101341
101342
101343
101344
101345
101346
101347
101348
101349
101350
101351
101352
101353
101354
101355
101356
101357
101358
101359
101360
101361
101362
101363
101364
101365
101366
101367
101368
101369
101370
101371
101372
101373
101374
101375
101376
101377
101378
101379
101380
101381
101382
101383
101384
101385
101386
101387
101388
101389
101390
101391
101392
101393
101394
101395
101396
101397
101398
101399
101400
101401
101402
101403
101404
101405
101406
101407
101408
101409
101410
101411
101412
101413
101414
101415
101416
101417
101418
101419
101420
101421
101422
101423
101424
101425
101426
101427
101428
101429
101430
101431
101432
101433
101434
101435
101436
101437
101438
101439
101440
101441
101442
101443
101444
101445
101446
101447
101448
101449
101450
101451
101452
101453
101454
101455
101456
101457
101458
101459
101460
101461
101462
101463
101464
101465
101466
101467
101468
101469
101470
101471
101472
101473
101474
101475
101476
101477
101478
101479
101480
101481
101482
101483
101484
101485
101486
101487
101488
101489
101490
101491
101492
101493
101494
101495
101496
101497
101498
101499
101500
101501
101502
101503
101504
101505
101506
101507
101508
101509
101510
101511
101512
101513
101514
101515
101516
101517
101518
101519
101520
101521
101522
101523
101524
101525
101526
101527
101528
101529
101530
101531
101532
101533
101534
101535
101536
101537
101538
101539
101540
101541
101542
101543
101544
101545
101546
101547
101548
101549
101550
101551
101552
101553
101554
101555
101556
101557
101558
101559
101560
101561
101562
101563
101564
101565
101566
101567
101568
101569
101570
101571
101572
101573
101574
101575
101576
101577
101578
101579
101580
101581
101582
101583
101584
101585
101586
101587
101588
101589
101590
101591
101592
101593
101594
101595
101596
101597
101598
101599
101600
101601
101602
101603
101604
101605
101606
101607
101608
101609
101610
101611
101612
101613
101614
101615
101616
101617
101618
101619
101620
101621
101622
101623
101624
101625
101626
101627
101628
101629
101630
101631
101632
101633
101634
101635
101636
101637
101638
101639
101640
101641
101642
101643
101644
101645
101646
101647
101648
101649
101650
101651
101652
101653
101654
101655
101656
101657
101658
101659
101660
101661
101662
101663
101664
101665
101666
101667
101668
101669
101670
101671
101672
101673
101674
101675
101676
101677
101678
101679
101680
101681
101682
101683
101684
101685
101686
101687
101688
101689
101690
101691
101692
101693
101694
101695
101696
101697
101698
101699
101700
101701
101702
101703
101704
101705
101706
101707
101708
101709
101710
101711
101712
101713
101714
101715
101716
101717
101718
101719
101720
101721
101722
101723
101724
101725
101726
101727
101728
101729
101730
101731
101732
101733
101734
101735
101736
101737
101738
101739
101740
101741
101742
101743
101744
101745
101746
101747
101748
101749
101750
101751
101752
101753
101754
101755
101756
101757
101758
101759
101760
101761
101762
101763
101764
101765
101766
101767
101768
101769
101770
101771
101772
101773
101774
101775
101776
101777
101778
101779
101780
101781
101782
101783
101784
101785
101786
101787
101788
101789
101790
101791
101792
101793
101794
101795
101796
101797
101798
101799
101800
101801
101802
101803
101804
101805
101806
101807
101808
101809
101810
101811
101812
101813
101814
101815
101816
101817
101818
101819
101820
101821
101822
101823
101824
101825
101826
101827
101828
101829
101830
101831
101832
101833
101834
101835
101836
101837
101838
101839
101840
101841
101842
101843
101844
101845
101846
101847
101848
101849
101850
101851
101852
101853
101854
101855
101856
101857
101858
101859
101860
101861
101862
101863
101864
101865
101866
101867
101868
101869
101870
101871
101872
101873
101874
101875
101876
101877
101878
101879
101880
101881
101882
101883
101884
101885
101886
101887
101888
101889
101890
101891
101892
101893
101894
101895
101896
101897
101898
101899
101900
101901
101902
101903
101904
101905
101906
101907
101908
101909
101910
101911
101912
101913
101914
101915
101916
101917
101918
101919
101920
101921
101922
101923
101924
101925
101926
101927
101928
101929
101930
101931
101932
101933
101934
101935
101936
101937
101938
101939
101940
101941
101942
101943
101944
101945
101946
101947
101948
101949
101950
101951
101952
101953
101954
101955
101956
101957
101958
101959
101960
101961
101962
101963
101964
101965
101966
101967
101968
101969
101970
101971
101972
101973
101974
101976
101977
101978
101979
101980
101981
101982
101983
101984
101985
101986
101987
101988
101989
101990
101991
101992
101993
101994
101995
101996
101997
101998
101999
102000
102001
102002
102003
102004
102005
102006
102007
102008
102009
102010
102011
102012
102013
102014
102015
102016
102017
102018
102019
102020
102021
102022
102023
102024
102025
102026
102027
102028
102029
102030
102031
102032
102033
102034
102035
102036
102037
102038
102039
102040
102041
102042
102043
102044
102045
102046
102047
102048
102049
102050
102051
102052
102053
102054
102055
102056
102057
102058
102059
102060
102061
102062
102063
102064
102065
102066
102067
102068
102069
102070
102071
102072
102073
102074
102075
102076
102077
102078
102079
102080
102081
102082
102083
102084
102085
102086
102087
102088
102089
102090
102091
102092
102093
102094
102095
102096
102097
102098
102099
102100
102101
102102
102103
102104
102105
102106
102107
102108
102109
102110
102111
102112
102113
102114
102115
102116
102117
102118
102119
102120
102121
102122
102123
102124
102125
102126
102127
102128
102129
102130
102131
102132
102133
102134
102135
102136
102137
102138
102139
102140
102141
102142
102143
102144
102145
102146
102147
102148
102149
102150
102151
102152
102153
102154
102155
102156
102157
102158
102159
102160
102161
102162
102163
102164
102165
102166
102167
102168
102169
102170
102171
102172
102173
102174
102175
102176
102177
102178
102179
102180
102181
102182
102183
102184
102185
102186
102187
102188
102189
102190
102191
102192
102193
102194
102195
102196
102197
102198
102199
102200
102201
102202
102203
102204
102205
102206
102207
102208
102209
102210
102211
102212
102213
102214
102215
102216
102217
102218
102219
102220
102221
102222
102223
102224
102225
102226
102227
102228
102229
102230
102231
102232
102233
102234
102235
102236
102237
102238
102239
102240
102241
102242
102243
102244
102245
102246
102247
102248
102249
102250
102251
102252
102253
102254
102255
102256
102257
102258
102259
102260
102261
102262
102263
102264
102265
102266
102267
102268
102269
102270
102271
102272
102273
102274
102275
102276
102277
102278
102279
102280
102281
102282
102283
102284
102285
102286
102287
102288
102289
102290
102291
102292
102293
102294
102295
102296
102297
102298
102299
102300
102301
102302
102303
102304
102305
102306
102307
102308
102309
102310
102311
102312
102313
102314
102315
102316
102317
102318
102319
102320
102321
102322
102323
102324
102325
102326
102327
102328
102329
102330
102331
102332
102333
102334
102335
102336
102337
102338
102339
102340
102341
102342
102343
102344
102345
102346
102347
102348
102349
102350
102351
102352
102353
102354
102355
102356
102357
102358
102359
102360
102361
102362
102363
102364
102365
102366
102367
102368
102369
102370
102371
102372
102373
102374
102375
102376
102377
102378
102379
102380
102381
102382
102383
102384
102385
102386
102387
102388
102389
102390
102391
102392
102393
102394
102396
102397
102398
102399
102400
102401
102402
102403
102404
102405
102406
102407
102408
102409
102410
102411
102412
102413
102414
102437
102438
102440
102441
102442
102443
102444
102445
102446
102447
102448
102449
102450
102451
102452
102453
102454
102455
102456
102457
102458
102459
102460
102461
102462
102463
102464
102465
102466
102467
102468
102469
102470
102471
102472
102473
102474
102475
102476
102477
102478
102479
102480
102481
102482
102483
102484
102485
102486
102487
102488
102489
102490
102491
102492
102493
102494
102495
102496
102497
102498
102499
102500
102501
102502
102503
102504
102505
102506
102507
102508
102509
102510
102511
102512
102513
102514
102515
102516
102517
102518
102519
102520
102521
102522
102523
102524
102525
102526
102527
102528
102529
102530
102531
102532
102533
102534
102535
102536
102537
102538
102539
102540
102541
102542
102543
102544
102545
102546
102547
102548
102549
102550
102551
102552
102553
102554
102555
102556
102557
102558
102559
102560
102561
102562
102563
102564
102565
102566
102567
102568
102569
102570
102571
102572
102573
102574
102575
102576
102577
102578
102579
102580
102581
102582
102583
102584
102585
102586
102587
102588
102589
102590
102591
102592
102593
102594
102595
102596
102597
102598
102599
102600
102601
102602
102603
102604
102605
102606
102607
102608
102609
102610
102611
102612
102613
102614
102615
102616
102617
102618
102619
102620
102621
102622
102623
102624
102625
102626
102627
102628
102629
102630
102631
102632
102633
102634
102635
102636
102637
102638
102639
102640
102641
102642
102643
102644
102645
102646
102647
102648
102649
102650
102651
102652
102653
102654
102655
102656
102657
102658
102659
102660
102661
102662
102663
102664
102665
102666
102667
102668
102669
102670
102671
102672
102673
102674
102675
102676
102677
102678
102679
102680
102681
102682
102683
102684
102685
102686
102687
102688
102689
102690
102691
102692
102693
102694
102695
102696
102697
102698
102699
102700
102701
102702
102703
102704
102705
102706
102707
102708
102715
102718
102726
102731
102732
102736
102737
102738
102741
102763
102766
102776
102777
102778
102779
102780
102781
102782
102783
102784
102785
102786
102787
102788
102790
102791
102793
102802
102803
102804
102805
102806
102807
102808
102809
102810
102811
102812
102813
102814
102827
102828
102829
102830
102831
102832
102833
102834
102835
102836
102837
102838
102839
102840
102841
102842
102843
102844
102845
102846
102847
102848
102849
102850
102851
102852
102853
102854
102855
102856
102857
102858
102859
102860
102861
102862
102863
102864
102865
102867
102873
102874
102878
102879
102881
102883
102887
102888
102890
102892
102900
102901
102902
102903
102904
102907
102908
102911
102912
102917
102921
102923
102924
102927
102928
102929
102930
102931
102932
102933
102934
102937
102938
102939
102940
102941
102942
102943
102944
102947
102948
102949
102950
102951
102952
102953
102954
102957
102958
102959
102960
102961
102962
102963
102964
102967
102968
102969
102970
102971
102972
102973
102974
102976
102977
102978
102979
102980
102981
102982
102983
102984
102987
102988
102989
102990
102991
102992
102993
102994
102997
102998
102999
103000
103001
103002
103003
103004
103007
103008
103009
103010
103011
103012
103013
103014
103017
103018
103019
103020
103021
103022
103025
103026
103027
103028
103029
103030
103031
103033
103034
103035
103036
103037
103038
103039
103040
103041
103043
103044
103045
103046
103048
103049
103050
103051
103053
103054
103055
103056
103058
103059
103060
103061
103063
103069
103071
103072
103073
103074
103075
103076
103077
103078
103079
103080
103082
103083
103084
103085
103086
103087
103088
103089
103090
103092
103093
103094
103096
103097
103098
103100
103101
103103
103104
103105
103106
103107
103108
103109
103110
103111
103112
103113
103116
103117
103118
103119
103120
103121
103122
103125
103127
103128
103129
103130
103131
103132
103133
103134
103136
103137
103138
103139
103141
103142
103143
103144
103145
103146
103147
103148
103151
103153
103154
103155
103156
103157
103158
103159
103160
103162
103163
103164
103165
103166
103167
103168
103169
103171
103173
103174
103175
103176
103177
103180
103181
103182
103184
103185
103186
103187
103188
103189
103190
103191
103192
103193
103194
103195
103196
103197
103199
103200
103201
103202
103203
103204
103206
103207
103209
103210
103211
103212
103213
103214
103215
103216
103217
103218
103220
103221
103222
103223
103224
103225
103227
103228
103229
103230
103231
103233
103234
103235
103236
103237
103238
103239
103240
103241
103242
103244
103245
103246
103247
103248
103249
103250
103251
103252
103253
103254
103256
103257
103258
103259
103260
103261
103262
103263
103264
103265
103267
103268
103269
103270
103271
103272
103273
103274
103275
103277
103278
103279
103280
103281
103283
103284
103285
103287
103288
103289
103290
103291
103293
103294
103295
103296
103298
103299
103300
103301
103303
103304
103305
103306
103308
103309
103310
103311
103313
103314
103315
103317
103318
103319
103320
103321
103323
103324
103325
103326
103328
103329
103330
103331
103333
103334
103335
103336
103338
103339
103340
103341
103342
103343
103344
103345
103347
103348
103349
103350
103351
103352
103353
103354
103355
103356
103357
103358
103359
103360
103361
103362
103363
103364
103366
103367
103368
103369
103370
103371
103372
103373
103374
103375
103376
103377
103378
103380
103381
103382
103383
103384
103385
103386
103387
103388
103390
103391
103392
103393
103394
103395
103396
103398
103400
103402
103403
103404
103405
103406
103407
103408
103409
103410
103412
103413
103414
103415
103416
103417
103418
103419
103420
103421
103422
103423
103424
103425
103426
103427
103428
103429
103430
103431
103432
103433
103434
103435
103436
103437
103438
103439
103440
103441
103442
103443
103444
103445
103446
103447
103448
103449
103450
103451
103452
103453
103454
103455
103456
103457
103458
103459
103460
103461
103462
103463
103464
103465
103466
103467
103468
103469
103470
103471
103472
103473
103474
103475
103476
103477
103478
103479
103480
103481
103482
103483
103484
103485
103486
103487
103488
103489
103490
103491
103492
103493
103494
103495
103496
103497
103498
103499
103500
103501
103502
103503
103504
103505
103506
103507
103508
103509
103510
103511
103512
103513
103514
103515
103516
103517
103518
103519
103520
103521
103522
103523
103524
103525
103526
103527
103528
103529
103530
103531
103532
103533
103534
103535
103536
103537
103538
103539
103540
103541
103542
103543
103544
103545
103546
103547
103548
103549
103550
103551
103552
103553
103554
103555
103556
103557
103558
103559
103560
103561
103562
103563
103564
103565
103566
103567
103568
103569
103570
103571
103572
103573
103574
103575
103576
103577
103578
103579
103580
103581
103582
103583
103584
103585
103586
103587
103588
103589
103590
103591
103592
103593
103594
103595
103596
103597
103598
103599
103600
103601
103602
103603
103604
103605
103606
103607
103608
103609
103610
103611
103612
103613
103614
103615
103616
103617
103618
103619
103620
103621
103622
103623
103624
103625
103626
103627
103628
103629
103630
103631
103632
103633
103634
103635
103636
103637
103638
103639
103640
103641
103642
103643
103644
103645
103646
103647
103648
103649
103650
103651
103652
103653
103654
103655
103656
103657
103658
103659
103660
103661
103662
103663
103664
103665
103666
103667
103668
103669
103670
103671
103672
103673
103674
103675
103676
103677
103678
103679
103680
103681
103682
103683
103684
103685
103686
103687
103688
103689
103690
103691
103692
103693
103694
103695
103696
103697
103698
103699
103700
103702
103703
103704
103705
103706
103707
103708
103709
103710
103711
103712
103713
103714
103717
103718
103719
103720
103721
103722
103724
103725
103726
103728
103729
103730
103731
103732
103733
103734
103735
103736
103737
103738
103739
103740
103741
103742
103743
103744
103745
103746
103747
103748
103749
103750
103751
103752
103753
103754
103756
103757
103758
103759
103760
103761
103762
103763
103764
103765
103766
103767
103768
103769
103770
103771
103772
103773
103774
103775
103776
103777
103778
103780
103781
103782
103784
103785
103786
103787
103788
103789
103790
103791
103792
103793
103794
103795
103796
103797
103798
103799
103800
103801
103802
103803
103804
103806
103808
103810
103812
103814
103815
103816
103817
103818
103819
103820
103821
103822
103823
103824
103825
103826
103827
103828
103829
103830
103831
103832
103833
103834
103835
103836
103837
103838
103839
103840
103841
103842
103843
103844
103845
103846
103847
103848
103849
103850
103851
103852
103853
103854
103855
103856
103857
103858
103859
103860
103861
103862
103863
103864
103865
103866
103867
103868
103869
103870
103871
103872
103873
103874
103875
103876
103877
103878
103879
103880
103881
103882
103883
103884
103885
103886
103887
103888
103889
103890
103891
103892
103893
103894
103895
103896
103897
103898
103899
103900
103901
103902
103903
103904
103905
103906
103907
103908
103909
103910
103911
103912
103913
103914
103915
103916
103917
103918
103919
103920
103921
103922
103923
103924
103925
103926
103927
103928
103929
103930
103931
103932
103933
103934
103935
103936
103937
103938
103939
103940
103941
103942
103943
103944
103945
103946
103947
103948
103949
103950
103951
103952
103953
103954
103955
103956
103957
103958
103959
103960
103961
103962
103963
103964
103965
103966
103967
103968
103969
103970
103971
103972
103973
103974
103975
103976
103977
103978
103979
103980
103981
103982
103983
103984
103985
103986
103987
103988
103989
103990
103991
103992
103993
103994
103995
103996
103997
103998
103999
104000
104001
104002
104003
104004
104005
104006
104007
104008
104009
104010
104011
104012
104013
104014
104015
104016
104017
104018
104019
104020
104021
104022
104023
104024
104025
104026
104027
104028
104029
104030
104031
104032
104033
104034
104035
104036
104038
104039
104040
104041
104042
104043
104044
104045
104046
104047
104048
104049
104050
104051
104052
104053
104054
104055
104056
104057
104058
104059
104060
104061
104062
104064
104065
104066
104067
104068
104069
104070
104072
104073
104074
104075
104076
104077
104078
104079
104080
104081
104082
104083
104084
104085
104086
104087
104088
104089
104090
104092
104093
104094
104095
104096
104097
104098
104099
104100
104101
104102
104103
104104
104105
104106
104107
104108
104109
104110
104111
104112
104113
104114
104115
104116
104117
104118
104119
104120
104121
104122
104123
104124
104125
104126
104127
104128
104129
104130
104131
104132
104133
104134
104135
104136
104137
104138
104139
104140
104141
104142
104143
104144
104145
104146
104147
104148
104149
104150
104152
104154
104155
104156
104157
104158
104159
104160
104161
104162
104164
104165
104166
104168
104170
104172
104174
104176
104177
104178
104179
104180
104181
104182
104184
104186
104188
104189
104190
104192
104194
104195
104196
104198
104200
104201
104202
104204
104205
104206
104207
104208
104210
104212
104213
104214
104215
104216
104217
104218
104219
104220
104221
104222
104223
104224
104225
104226
104227
104228
104229
104230
104231
104232
104233
104234
104235
104236
104237
104238
104239
104240
104241
104242
104243
104244
104245
104246
104247
104248
104249
104250
104251
104252
104253
104254
104255
104256
104257
104258
104259
104260
104261
104262
104263
104264
104265
104266
104267
104268
104269
104270
104271
104272
104273
104274
104275
104276
104277
104278
104279
104280
104281
104282
104283
104284
104285
104286
104287
104288
104289
104290
104291
104292
104293
104294
104295
104296
104297
104298
104299
104300
104301
104302
104303
104304
104305
104306
104307
104308
104309
104311
104313
104317
104319
104321
104323
104325
104327
104329
104333
104335
104337
104340
104342
104343
104344
104346
104348
104350
104351
104352
104354
104355
104356
104358
104360
104361
104362
104363
104364
104366
104367
104368
104369
104370
104372
104373
104374
104376
104377
104378
104380
104382
104383
104384
104385
104386
104388
104389
104390
104392
104394
104396
104398
104400
104401
104402
104403
104404
104405
104406
104407
104408
104409
104410
104411
104412
104413
104414
104415
104416
104417
104418
104419
104421
104422
104423
104424
104425
104426
104427
104428
104429
104430
104431
104432
104433
104434
104435
104436
104437
104438
104439
104440
104441
104442
104443
104444
104445
104446
104447
104448
104449
104450
104451
104452
104453
104454
104455
104456
104457
104458
104459
104460
104461
104462
104463
104464
104465
104466
104467
104468
104469
104470
104472
104473
104474
104475
104476
104477
104478
104479
104480
104481
104482
104483
104484
104485
104486
104487
104488
104489
104490
104491
104492
104493
104494
104495
104496
104497
104498
104499
104500
104501
104502
104503
104504
104505
104506
104507
104508
104509
104518
104520
104522
104524
104526
104528
104530
104536
104538
104540
104541
104543
104544
104545
104547
104549
104550
104552
104554
104555
104556
104558
104559
104560
104562
104564
104566
104568
104570
104571
104572
104574
104575
104576
104577
104578
104580
104581
104582
104584
104585
104586
104588
104590
104591
104592
104593
104594
104596
104597
104598
104599
104600
104602
104603
104604
104606
104608
104610
104612
104614
104616
104618
104620
104621
104622
104624
104625
104626
104628
104629
104630
104631
104632
104633
104634
104636
104637
104638
104639
104640
104641
104642
104643
104644
104645
104646
104648
104649
104650
104652
104654
104655
104656
104657
104658
104659
104660
104662
104664
104665
104666
104668
104669
104670
104672
104674
104676
104678
104680
104682
104683
104684
104685
104686
104687
104688
104689
104690
104691
104692
104694
104696
104697
104698
104700
104701
104702
104703
104704
104706
104707
104708
104710
104711
104712
104713
104714
104715
104716
104717
104718
104719
104720
104721
104722
104723
104724
104725
104726
104727
104728
104729
104730
104731
104732
104733
104734
104735
104736
104737
104738
104740
104741
104742
104743
104744
104745
104746
104747
104748
104749
104750
104751
104752
104753
104754
104755
104756
104757
104758
104759
104760
104762
104763
104764
104765
104766
104767
104768
104769
104771
104814
104816
104818
104822
104824
104826
104828
104830
104832
104834
104836
104837
104838
104840
104841
104842
104843
104844
104845
104846
104847
104848
104849
104850
104852
104853
104854
104855
104856
104858
104859
104860
104862
104863
104864
104865
104866
104867
104868
104869
104870
104871
104872
104873
104874
104875
104876
104877
104878
104879
104880
104881
104882
104884
104885
104886
104888
104890
104892
104894
104896
104898
104900
104902
104904
104906
104907
104908
104909
104910
104911
104912
104913
104914
104915
104916
104917
104918
104919
104920
104921
104922
104923
104924
104925
104926
104927
104928
104929
104930
104931
104932
104933
104934
104935
104936
104937
104938
104940
104941
104942
104943
104944
104945
104946
104947
104948
104949
104950
104951
104952
104953
104954
104955
104956
104957
104958
104959
104960
104961
104962
104963
104964
104965
104966
104967
104968
104969
104970
104971
104972
104973
104974
104975
104976
104977
104978
104979
104980
104981
104982
104983
104984
104985
104986
104987
104988
104989
104990
104991
104992
104993
104994
104996
104997
104998
104999
105000
105001
105002
105003
105004
105005
105006
105008
105009
105010
105011
105012
105013
105014
105015
105016
105017
105018
105019
105020
105021
105022
105023
105024
105025
105026
105027
105028
105029
105030
105031
105032
105033
105034
105035
105036
105037
105038
105039
105040
105041
105042
105043
105044
105045
105046
105047
105048
105049
105050
105051
105052
105053
105054
105055
105056
105057
105058
105059
105060
105061
105062
105063
105064
105065
105066
105067
105068
105069
105070
105071
105072
105073
105074
105075
105076
105077
105078
105079
105080
105081
105082
105083
105084
105085
105086
105087
105088
105089
105090
105091
105092
105093
105094
105095
105096
105097
105098
105099
105100
105102
105103
105104
105105
105106
105107
105108
105109
105110
105111
105112
105113
105114
105115
105116
105117
105118
105119
105120
105121
105122
105123
105124
105125
105126
105128
105129
105130
105131
105132
105133
105134
105135
105136
105137
105138
105139
105140
105141
105142
105143
105144
105145
105146
105147
105148
105150
105151
105152
105153
105154
105155
105156
105158
105159
105160
105161
105162
105163
105164
105165
105166
105167
105168
105169
105170
105171
105172
105173
105174
105175
105176
105177
105178
105179
105180
105181
105182
105183
105184
105185
105186
105187
105188
105189
105190
105191
105192
105193
105194
105195
105196
105197
105198
105199
105200
105202
105203
105204
105205
105206
105209
105210
105211
105212
105213
105215
105216
105218
105219
105220
105221
105222
105223
105225
105226
105227
105228
105229
105230
105231
105232
105233
105234
105235
105236
105237
105239
105240
105241
105243
105244
105245
105246
105247
105248
105249
105250
105251
105253
105254
105255
105256
105258
105259
105260
105261
105262
105265
105267
105268
105269
105272
105274
105275
105276
105279
105281
105282
105283
105286
105288
105289
105290
105292
105293
105295
105296
105297
105299
105300
105301
105302
105303
105305
105307
105311
105315
105317
105319
105323
105325
105326
105328
105329
105330
105331
105333
105334
105335
105337
105338
105339
105340
105341
105342
105343
105344
105345
105346
105347
105349
105350
105352
105353
105354
105356
105357
105358
105359
105360
105361
105362
105364
105365
105366
105367
105368
105369
105370
105372
105373
105374
105376
105377
105378
105379
105380
105381
105383
105384
105385
105386
105387
105388
105390
105394
105399
105401
105402
105403
105405
105406
105407
105409
105410
105411
105413
105414
105415
105416
105417
105418
105419
105420
105421
105422
105423
105424
105426
105427
105428
105429
105430
105431
105433
105434
105435
105437
105438
105439
105441
105442
105443
105444
105445
105446
105447
105448
105449
105450
105451
105452
105453
105454
105456
105457
105458
105459
105460
105461
105462
105463
105464
105465
105466
105468
105469
105470
105472
105473
105475
105476
105477
105479
105480
105483
105484
105487
105488
105491
105492
105495
105496
105498
105499
105500
105501
105502
105503
105504
105506
105507
105508
105510
105511
105512
105514
105515
105516
105518
105519
105520
105521
105522
105523
105524
105526
105527
105528
105530
105531
105533
105534
105535
105536
105537
105538
105539
105541
105542
105543
105545
105546
105547
105549
105550
105551
105553
105554
105555
105556
105557
105559
105560
105561
105564
105565
105567
105568
105569
105572
105573
105576
105577
105578
105579
105580
105582
105583
105584
105585
105586
105587
105588
105589
105590
105591
105592
105593
105595
105596
105597
105599
105600
105602
105603
105604
105606
105607
105608
105610
105611
105612
105613
105614
105615
105616
105617
105618
105619
105620
105622
105623
105625
105626
105627
105629
105630
105631
105633
105634
105635
105636
105637
105638
105639
105641
105642
105645
105647
105648
105649
105652
105653
105656
105657
105658
105660
105661
105664
105665
105666
105668
105669
105671
105672
105673
105674
105675
105676
105677
105679
105680
105681
105683
105684
105685
105687
105688
105689
105691
105692
105693
105694
105695
105696
105697
105698
105699
105700
105701
105702
105703
105704
105706
105707
105708
105710
105711
105712
105713
105714
105715
105717
105718
105719
105720
105721
105722
105723
105725
105726
105727
105728
105729
105730
105732
105733
105734
105736
105737
105740
105741
105742
105744
105745
105746
105747
105748
105749
105750
105752
105753
105754
105755
105756
105757
105758
105759
105760
105761
105763
105764
105765
105766
105767
105768
105769
105771
105772
105773
105774
105775
105776
105777
105778
105779
105780
105781
105782
105783
105784
105786
105788
105792
105795
105798
105799
105801
105802
105803
105804
105806
105807
105808
105809
105810
105812
105813
105814
105815
105816
105818
105819
105821
105822
105824
105825
105826
105827
105828
105830
105831
105832
105833
105834
105835
105836
105837
105838
105839
105840
105842
105843
105844
105845
105846
105847
105848
105849
105850
105851
105852
105854
105855
105856
105857
105858
105859
105860
105861
105863
105865
105867
105869
105870
105872
105873
105875
105878
105879
105880
105881
105882
105883
105884
105886
105887
105888
105889
105890
105891
105892
105893
105894
105895
105896
105898
105899
105901
105902
105904
105905
105907
105908
105910
105911
105913
105914
105916
105917
105919
105920
105922
105923
105925
105926
105928
105929
105931
105932
105933
105934
105935
105936
105937
105938
105941
105942
105945
105946
105947
105948
105949
105951
105952
105954
105955
105957
105958
105960
105961
105963
105964
105965
105966
105967
105969
105970
105972
105973
105975
105976
105978
105979
105981
105982
105984
105985
105987
105988
105990
105991
105993
105994
105996
105997
105998
105999
106000
106002
106003
106005
106006
106008
106009
106011
106012
106014
106015
106018
106019
106021
106022
106023
106025
106026
106028
106029
106031
106032
106034
106035
106036
106037
106038
106040
106041
106043
106044
106046
106047
106048
106049
106050
106051
106052
106053
106054
106055
106056
106057
106058
106059
106061
106062
106064
106065
106067
106068
106070
106071
106073
106074
106076
106077
106079
106080
106082
106083
106085
106086
106087
106088
106089
106091
106092
106093
106095
106096
106097
106098
106099
106100
106102
106103
106105
106106
106108
106109
106111
106112
106114
106115
106117
106118
106120
106121
106123
106124
106126
106127
106128
106129
106130
106131
106132
106133
106134
106135
106136
106138
106139
106141
106142
106144
106145
106146
106147
106148
106149
106150
106151
106153
106154
106156
106157
106159
106160
106162
106163
106164
106166
106167
106168
106169
106170
106171
106172
106174
106175
106176
106178
106179
106180
106182
106183
106184
106186
106187
106188
106189
106190
106191
106192
106193
106194
106195
106196
106198
106199
106200
106202
106203
106204
106205
106206
106207
106208
106210
106211
106212
106214
106215
106216
106217
106218
106219
106220
106222
106223
106224
106226
106227
106228
106230
106231
106232
106233
106234
106235
106236
106237
106238
106239
106240
106242
106243
106244
106246
106247
106248
106250
106251
106252
106253
106254
106255
106256
106257
106258
106259
106260
106261
106262
106263
106264
106265
106266
106267
106268
106270
106271
106272
106274
106275
106276
106278
106279
106280
106282
106283
106284
106285
106286
106287
106288
106289
106290
106291
106292
106293
106294
106295
106296
106297
106298
106299
106300
106301
106302
106304
106305
106306
106307
106308
106309
106310
106311
106312
106314
106315
106316
106318
106319
106320
106321
106322
106323
106324
106325
106326
106327
106328
106329
106330
106331
106332
106333
106334
106335
106336
106337
106338
106339
106340
106341
106342
106343
106344
106346
106347
106348
106350
106351
106352
106354
106355
106356
106358
106359
106360
106361
106362
106363
106364
106366
106367
106368
106369
106370
106371
106372
106373
106374
106375
106376
106377
106378
106379
106380
106382
106383
106384
106386
106387
106388
106390
106391
106392
106393
106394
106395
106396
106397
106398
106399
106400
106402
106403
106404
106406
106407
106408
106410
106411
106412
106414
106415
106416
106418
106419
106420
106422
106423
106424
106426
106427
106428
106430
106431
106432
106434
106435
106436
106438
106439
106440
106442
106443
106444
106446
106447
106448
106450
106451
106452
106454
106455
106456
106458
106459
106460
106462
106463
106464
106466
106467
106468
106470
106471
106472
106474
106475
106476
106478
106479
106480
106482
106483
106484
106486
106487
106488
106490
106491
106492
106494
106495
106496
106497
106498
106499
106500
106501
106502
106503
106504
106506
106507
106508
106509
106510
106511
106512
106513
106514
106515
106516
106517
106518
106519
106520
106522
106523
106524
106525
106526
106527
106528
106530
106532
106533
106534
106536
106538
106540
106542
106544
106545
106546
106547
106548
106550
106551
106552
106553
106554
106555
106556
106557
106558
106559
106560
106562
106564
106566
106567
106568
106569
106570
106571
106572
106574
106575
106576
106578
106580
106581
106582
106583
106584
106586
106588
106590
106591
106592
106594
106596
106597
106598
106599
106600
106601
106602
106603
106604
106606
106607
106608
106610
106612
106614
106615
106616
106617
106618
106620
106622
106623
106624
106625
106626
106627
106628
106630
106632
106633
106634
106635
106636
106638
106640
106642
106644
106646
106647
106648
106650
106652
106654
106655
106656
106658
106660
106662
106663
106664
106666
106668
106670
106671
106672
106674
106676
106678
106679
106680
106682
106684
106686
106687
106688
106690
106692
106694
106695
106696
106698
106700
106702
106703
106704
106706
106708
106710
106711
106712
106714
106716
106718
106719
106720
106730
106732
106734
106736
106738
106740
106741
106746
106748
106758
106759
106760
106762
106764
106766
106767
106768
106770
106772
106774
106775
106776
106778
106780
106786
106788
106790
106791
106792
106794
106796
106798
106799
106800
106802
106804
106807
106810
106811
106812
106814
106815
106816
106822
106826
106828
106829
106834
106836
106842
106844
106846
106847
106848
106849
106850
106851
106852
106854
106855
106856
106857
106858
106859
106860
106862
106863
106864
106865
106869
106874
106876
106898
106900
106910
106911
106912
106913
106922
106924
106930
106932
106936
106938
106940
106946
106950
106951
106952
106954
106956
106957
106958
106964
106966
106967
106968
106970
106972
106974
106976
106977
106978
106979
106980
106986
106988
106990
106992
106994
106996
107005
107006
107007
107008
107009
107014
107016
107018
107020
107022
107023
107024
107028
107029
107033
107035
107038
107039
107040
107042
107044
107045
107053
107057
107058
107059
107060
107062
107063
107064
107066
107068
107069
107072
107073
107074
107075
107076
107078
107079
107080
107082
107084
107085
107086
107087
107088
107089
107090
107092
107094
107095
107096
107097
107098
107099
107100
107101
107102
107103
107104
107105
107107
107108
107109
107111
107113
107115
107117
107119
107120
107121
107123
107124
107127
107128
107129
107130
107132
107134
107135
107136
107137
107138
107139
107140
107143
107144
107145
107146
107147
107148
107149
107151
107152
107153
107154
107156
107158
107159
107160
107161
107163
107165
107166
107167
107168
107169
107170
107171
107173
107175
107176
107177
107178
107180
107182
107183
107184
107185
107187
107189
107194
107195
107196
107197
107199
107200
107201
107202
107204
107206
107207
107209
107211
107212
107213
107214
107216
107219
107220
107221
107222
107223
107224
107225
107227
107228
107229
107230
107231
107232
107235
107236
107237
107238
107241
107242
107243
107244
107245
107247
107249
107251
107252
107254
107255
107258
107259
107260
107262
107263
107264
107265
107267
107268
107269
107270
107271
107272
107273
107275
107276
107277
107279
107280
107281
107282
107283
107284
107285
107286
107287
107289
107290
107291
107292
107293
107295
107297
107299
107300
107301
107303
107304
107305
107307
107308
107309
107311
107312
107313
107315
107316
107317
107319
107320
107321
107322
107323
107325
107327
107328
107329
107330
107331
107334
107335
107336
107337
107339
107341
107343
107344
107345
107346
107347
107349
107351
107352
107353
107355
107357
107359
107360
107361
107362
107364
107366
107367
107368
107369
107370
107371
107373
107374
107377
107379
107381
107383
107384
107385
107387
107389
107392
107393
107395
107397
107399
107401
107403
107405
107406
107408
107409
107411
107412
107413
107415
107416
107417
107419
107420
107423
107424
107425
107427
107428
107431
107433
107435
107436
107437
107439
107441
107443
107444
107445
107447
107449
107450
107451
107452
107453
107454
107455
107457
107458
107459
107460
107461
107462
107463
107465
107466
107467
107468
107469
107470
107471
107473
107474
107475
107476
107477
107479
107480
107481
107483
107484
107485
107487
107488
107489
107491
107492
107493
107495
107496
107497
107499
107500
107501
107503
107505
107507
107508
107509
107511
107512
107513
107514
107515
107516
107517
107518
107519
107520
107521
107522
107523
107524
107525
107526
107527
107528
107529
107530
107533
107534
107535
107536
107543
107544
107545
107546
107549
107550
107551
107552
107555
107556
107557
107558
107561
107562
107563
107564
107573
107574
107575
107576
107581
107585
107586
107587
107588
107589
107590
107597
107598
107599
107600
107603
107604
107605
107606
107615
107616
107617
107618
107621
107622
107623
107624
107627
107628
107629
107630
107633
107634
107635
107636
107644
107645
107646
107647
107650
107651
107652
107653
107656
107657
107658
107659
107662
107668
107669
107670
107671
107674
107675
107676
107677
107678
107680
107681
107682
107683
107684
107692
107693
107694
107695
107697
107698
107699
107700
107701
107702
107710
107711
107712
107713
107714
107716
107717
107718
107719
107726
107727
107728
107729
107730
107731
107734
107735
107736
107737
107745
107746
107747
107748
107749
107752
107753
107754
107755
107756
107758
107759
107760
107761
107763
107764
107765
107766
107767
107771
107773
107776
107777
107778
107779
107781
107782
107783
107784
107785
107788
107789
107790
107791
107794
107795
107796
107797
107800
107801
107802
107803
107806
107807
107808
107809
107812
107813
107814
107815
107818
107819
107821
107822
107824
107825
107826
107827
107830
107831
107832
107833
107834
107836
107837
107838
107839
107840
107842
107843
107844
107845
107852
107853
107854
107855
107857
107858
107860
107861
107862
107863
107864
107865
107866
107867
107868
107869
107870
107871
107872
107873
107874
107875
107876
107877
107882
107883
107884
107885
107886
107887
107888
107890
107891
107892
107893
107895
107896
107897
107898
107899
107902
107903
107904
107905
107907
107908
107909
107910
107911
107914
107915
107916
107917
107920
107921
107922
107923
107926
107927
107928
107929
107932
107933
107934
107935
107938
107939
107940
107941
107944
107945
107946
107947
107948
107949
107950
107951
107952
107953
107954
107955
107956
107957
107958
107959
107960
107962
107963
107964
107965
107966
107967
107968
107969
107970
107971
107973
107974
107975
107976
107977
107980
107981
107982
107983
107984
107986
107987
107988
107989
107992
107993
107994
107995
107997
107998
107999
108000
108001
108003
108004
108005
108006
108007
108012
108013
108014
108015
108016
108017
108018
108019
108020
108022
108023
108024
108025
108028
108029
108030
108031
108033
108042
108043
108044
108045
108048
108049
108050
108051
108054
108055
108058
108059
108060
108062
108063
108069
108070
108071
108075
108076
108085
108086
108087
108088
108091
108092
108095
108096
108097
108098
108101
108102
108103
108104
108107
108108
108111
108112
108113
108114
108117
108118
108119
108120
108123
108124
108127
108129
108133
108134
108135
108136
108139
108140
108141
108142
108145
108146
108147
108148
108157
108158
108159
108160
108163
108164
108165
108166
108169
108170
108171
108172
108175
108176
108177
108178
108181
108182
108183
108184
108196
108199
108200
108201
108202
108205
108206
108207
108208
108213
108214
108217
108218
108219
108220
108226
108231
108232
108235
108236
108237
108238
108241
108242
108243
108244
108249
108250
108256
108259
108260
108261
108262
108271
108272
108273
108274
108277
108278
108279
108280
108283
108284
108285
108286
108290
108295
108296
108297
108298
108299
108301
108302
108303
108304
108307
108308
108309
108310
108311
108315
108316
108317
108320
108321
108322
108324
108325
108326
108327
108328
108331
108332
108333
108334
108336
108337
108338
108339
108340
108343
108344
108345
108346
108347
108348
108349
108350
108351
108352
108357
108358
108359
108361
108362
108363
108364
108365
108366
108367
108368
108369
108370
108371
108372
108373
108374
108375
108376
108377
108378
108379
108380
108381
108382
108383
108384
108385
108386
108387
108388
108390
108391
108392
108393
108394
108397
108398
108399
108400
108403
108404
108405
108406
108409
108410
108411
108412
108415
108416
108417
108418
108421
108422
108423
108424
108426
108427
108428
108429
108430
108433
108434
108435
108436
108437
108439
108440
108441
108442
108444
108445
108446
108447
108448
108452
108453
108454
108456
108457
108458
108459
108460
108463
108464
108465
108466
108469
108470
108471
108472
108475
108476
108477
108478
108479
108480
108481
108482
108483
108484
108487
108488
108489
108490
108491
108493
108494
108495
108496
108498
108499
108500
108501
108502
108503
108504
108505
108506
108507
108508
108509
108510
108511
108512
108513
108514
108516
108517
108518
108519
108520
108521
108523
108524
108525
108526
108529
108530
108531
108532
108533
108535
108536
108537
108538
108539
108541
108542
108543
108544
108547
108548
108549
108550
108551
108553
108554
108555
108556
108558
108559
108560
108561
108562
108563
108565
108566
108567
108568
108569
108571
108572
108573
108574
108577
108578
108579
108580
108584
108585
108586
108587
108590
108591
108592
108593
108595
108596
108597
108598
108601
108602
108603
108604
108605
108607
108608
108609
108610
108613
108614
108615
108616
108617
108619
108620
108621
108622
108625
108626
108627
108628
108631
108632
108633
108634
108635
108636
108637
108638
108639
108640
108641
108642
108643
108644
108645
108646
108648
108649
108650
108651
108652
108655
108656
108657
108658
108661
108662
108663
108664
108666
108667
108668
108669
108670
108673
108674
108675
108676
108677
108679
108680
108681
108682
108685
108686
108687
108688
108690
108691
108692
108693
108694
108697
108698
108699
108700
108703
108704
108705
108706
108709
108710
108711
108712
108713
108714
108716
108717
108718
108721
108722
108723
108728
108729
108730
108731
108732
108733
108734
108735
108736
108737
108738
108739
108740
108741
108742
108743
108744
108745
108746
108747
108748
108749
108750
108760
108761
108762
108763
108764
108765
108768
108769
108770
108771
108772
108773
108778
108780
108781
108782
108783
108790
108791
108793
108796
108801
108804
108805
108806
108807
108808
108809
108812
108813
108814
108815
108816
108817
108818
108819
108820
108821
108822
108823
108824
108825
108828
108829
108830
108831
108832
108833
108834
108835
108836
108837
108840
108841
108842
108843
108844
108846
108847
108848
108852
108853
108854
108855
108858
108859
108860
108861
108863
108864
108868
108869
108872
108873
108874
108875
108876
108877
108879
108880
108881
108882
108883
108884
108887
108888
108889
108890
108891
108892
108899
108900
108901
108902
108907
108908
108909
108910
108911
108912
108913
108914
108915
108916
108923
108924
108925
108926
108928
108929
108930
108931
108932
108935
108936
108937
108938
108940
108941
108942
108943
108944
108947
108948
108949
108950
108951
108952
108953
108954
108955
108956
108959
108960
108961
108962
108963
108964
108971
108972
108973
108974
108975
108976
108977
108978
108979
108980
108983
108984
108985
108986
108987
108989
108990
108991
108992
108995
108996
108997
108998
109000
109001
109002
109003
109004
109005
109006
109009
109010
109011
109012
109013
109014
109016
109018
109019
109020
109021
109022
109023
109024
109030
109031
109032
109033
109034
109035
109036
109037
109038
109039
109040
109041
109042
109043
109044
109045
109054
109055
109056
109057
109058
109059
109060
109062
109063
109064
109065
109066
109067
109068
109069
109072
109073
109074
109075
109076
109077
109078
109079
109080
109081
109082
109083
109084
109085
109086
109087
109088
109090
109091
109092
109093
109096
109097
109098
109099
109100
109102
109103
109104
109105
109106
109107
109108
109109
109110
109111
109114
109115
109116
109117
109118
109119
109126
109127
109128
109129
109130
109131
109132
109133
109134
109135
109138
109139
109140
109141
109142
109143
109144
109145
109154
109155
109156
109157
109158
109160
109162
109163
109164
109165
109166
109173
109174
109175
109176
109177
109178
109179
109180
109181
109182
109183
109184
109188
109191
109192
109193
109194
109195
109196
109197
109198
109199
109200
109201
109202
109203
109204
109205
109206
109209
109210
109211
109212
109213
109215
109216
109217
109218
109219
109220
109221
109222
109223
109224
109227
109228
109229
109230
109231
109233
109234
109235
109236
109237
109238
109239
109240
109241
109242
109243
109244
109245
109246
109247
109248
109251
109252
109253
109254
109256
109257
109258
109259
109260
109263
109264
109265
109266
109269
109270
109271
109272
109275
109276
109277
109278
109279
109280
109281
109282
109283
109284
109285
109286
109287
109288
109291
109292
109293
109294
109295
109296
109297
109298
109299
109300
109301
109302
109303
109304
109305
109306
109307
109310
109311
109312
109313
109314
109315
109316
109317
109318
109319
109322
109323
109324
109325
109326
109327
109328
109329
109330
109331
109334
109335
109336
109337
109340
109341
109342
109343
109344
109345
109346
109347
109348
109349
109352
109353
109354
109355
109356
109357
109358
109359
109360
109361
109362
109363
109364
109365
109366
109367
109370
109371
109372
109373
109374
109375
109376
109377
109378
109379
109380
109381
109382
109383
109384
109385
109386
109387
109388
109389
109390
109391
109394
109395
109396
109397
109398
109399
109400
109401
109402
109403
109405
109406
109407
109408
109409
109412
109413
109414
109415
109416
109417
109420
109421
109422
109423
109424
109425
109426
109427
109428
109429
109430
109431
109432
109435
109436
109437
109438
109439
109440
109441
109442
109443
109444
109445
109446
109447
109448
109449
109450
109453
109454
109455
109456
109457
109459
109460
109461
109462
109463
109464
109465
109466
109467
109468
109469
109470
109471
109472
109473
109474
109477
109478
109479
109480
109481
109482
109483
109484
109485
109486
109487
109488
109489
109490
109491
109492
109495
109496
109497
109498
109499
109500
109501
109502
109503
109504
109506
109507
109508
109509
109510
109513
109514
109515
109516
109517
109518
109519
109520
109521
109522
109523
109524
109525
109526
109527
109528
109531
109532
109533
109534
109535
109536
109537
109538
109539
109540
109541
109544
109545
109546
109547
109548
109549
109550
109551
109552
109553
109554
109555
109556
109557
109558
109559
109561
109562
109563
109564
109565
109566
109567
109568
109569
109570
109571
109572
109576
109582
109586
109592
109597
109605
109609
109610
109615
109622
109626
109632
109633
109634
109637
109638
109639
109640
109643
109644
109645
109648
109649
109650
109651
109654
109655
109656
109657
109660
109661
109662
109665
109666
109667
109670
109671
109672
109673
109676
109677
109678
109679
109682
109683
109684
109685
109688
109689
109690
109691
109694
109695
109696
109699
109700
109701
109704
109705
109706
109707
109710
109711
109712
109715
109716
109717
109718
109721
109722
109723
109724
109726
109727
109728
109729
109730
109733
109734
109735
109738
109739
109740
109741
109744
109745
109746
109747
109749
109750
109751
109752
109755
109756
109757
109760
109761
109762
109763
109765
109766
109767
109768
109771
109772
109773
109774
109776
109777
109778
109779
109782
109783
109784
109785
109787
109788
109789
109790
109793
109794
109795
109796
109799
109800
109801
109804
109805
109806
109807
109810
109811
109812
109814
109815
109816
109817
109818
109820
109821
109822
109823
109826
109827
109828
109829
109831
109832
109833
109834
109835
109838
109839
109840
109842
109843
109844
109845
109848
109849
109850
109851
109854
109855
109856
109857
109859
109860
109861
109862
109865
109866
109867
109868
109870
109871
109872
109873
109874
109876
109877
109878
109879
109880
109883
109884
109885
109886
109888
109889
109890
109891
109894
109895
109896
109897
109899
109900
109901
109902
109905
109906
109907
109908
109911
109912
109913
109914
109916
109917
109918
109919
109921
109922
109923
109924
109926
109927
109928
109929
109930
109933
109934
109935
109937
109938
109939
109940
109941
109943
109944
109945
109946
109947
109950
109951
109952
109955
109956
109957
109958
109961
109962
109963
109964
109966
109967
109968
109969
109970
109972
109973
109974
109975
109976
109979
109980
109981
109984
109985
109986
109987
109990
109991
109992
109993
109995
109996
109997
109998
109999
110001
110002
110003
110004
110005
110008
110009
110010
110013
110014
110015
110016
110019
110020
110021
110022
110024
110025
110026
110027
110030
110031
110032
110033
110036
110037
110038
110039
110041
110042
110043
110044
110047
110048
110049
110050
110052
110053
110054
110055
110056
110058
110059
110060
110061
110062
110065
110066
110067
110068
110070
110071
110072
110073
110074
110077
110078
110079
110081
110082
110083
110084
110085
110087
110088
110089
110090
110091
110094
110095
110096
110098
110099
110100
110101
110102
110105
110106
110107
110108
110110
110111
110112
110113
110114
110116
110117
110118
110119
110120
110121
110122
110123
110124
110125
110126
110127
110128
110129
110130
110131
110132
110133
110135
110136
110137
110139
110140
110141
110142
110144
110145
110146
110147
110148
110150
110151
110152
110153
110154
110155
110156
110157
110158
110159
110160
110161
110163
110164
110165
110166
110167
110168
110169
110170
110171
110172
110173
110174
110175
110176
110177
110179
110180
110181
110182
110183
110186
110187
110188
110189
110191
110192
110193
110194
110195
110196
110198
110199
110200
110201
110202
110203
110204
110205
110206
110207
110208
110210
110211
110212
110213
110214
110215
110216
110217
110218
110219
110220
110221
110222
110223
110224
110225
110228
110229
110230
110231
110232
110234
110235
110236
110237
110238
110239
110240
110241
110242
110243
110245
110246
110247
110248
110250
110251
110252
110253
110254
110256
110257
110258
110259
110260
110261
110262
110263
110264
110265
110266
110267
110268
110269
110270
110271
110272
110274
110275
110276
110277
110278
110279
110280
110281
110282
110283
110284
110285
110286
110287
110288
110289
110290
110293
110294
110295
110296
110297
110299
110300
110301
110302
110303
110304
110305
110306
110307
110308
110310
110311
110312
110313
110314
110315
110317
110318
110319
110320
110322
110323
110324
110325
110326
110328
110329
110330
110331
110332
110333
110334
110335
110336
110337
110338
110340
110341
110342
110343
110344
110346
110347
110348
110349
110350
110351
110352
110353
110354
110355
110356
110357
110358
110359
110360
110361
110362
110363
110364
110365
110366
110367
110369
110370
110371
110372
110373
110374
110375
110376
110377
110378
110379
110381
110382
110383
110384
110386
110387
110388
110389
110390
110391
110393
110394
110395
110396
110398
110399
110400
110402
110403
110404
110405
110406
110409
110410
110411
110412
110414
110415
110416
110417
110418
110421
110422
110423
110424
110425
110427
110428
110429
110430
110432
110433
110434
110435
110436
110439
110440
110441
110442
110443
110445
110446
110447
110448
110450
110451
110452
110453
110454
110459
110461
110462
110465
110467
110471
110472
110473
110477
110478
110479
110482
110484
110485
110488
110489
110491
110495
110496
110500
110502
110505
110506
110508
110512
110513
110517
110518
110519
110520
110524
110528
110530
110531
110535
110537
110541
110543
110547
110548
110552
110554
110558
110559
110560
110563
110565
110566
110570
110572
110576
110578
110581
110582
110583
110586
110587
110588
110589
110592
110593
110594
110595
110598
110599
110600
110601
110604
110605
110606
110607
110610
110611
110612
110615
110616
110617
110618
110621
110622
110623
110624
110627
110628
110629
110630
110633
110634
110635
110636
110639
110640
110641
110644
110645
110646
110647
110650
110651
110652
110653
110656
110657
110658
110659
110662
110663
110664
110665
110668
110669
110670
110673
110674
110675
110676
110679
110680
110681
110682
110685
110686
110687
110688
110691
110692
110693
110694
110697
110698
110699
110702
110703
110704
110705
110708
110709
110710
110711
110714
110715
110716
110717
110720
110721
110722
110723
110727
110728
110729
110730
110733
110734
110735
110738
110739
110740
110741
110744
110745
110746
110747
110750
110751
110752
110753
110756
110757
110758
110759
110762
110763
110764
110767
110768
110769
110770
110773
110774
110775
110776
110779
110780
110781
110782
110785
110786
110787
110788
110791
110792
110793
110796
110797
110798
110799
110802
110803
110804
110805
110808
110809
110810
110811
110814
110815
110816
110817
110820
110821
110822
110825
110826
110827
110828
110831
110832
110833
110834
110837
110838
110839
110840
110843
110844
110845
110846
110849
110850
110851
110854
110855
110856
110857
110860
110861
110862
110863
110866
110867
110868
110869
110872
110873
110874
110875
110878
110879
110880
110883
110884
110885
110886
110889
110890
110891
110892
110895
110896
110897
110898
110901
110902
110903
110904
110907
110908
110909
110912
110913
110914
110915
110918
110919
110920
110921
110924
110925
110926
110927
110930
110931
110932
110933
110936
110937
110938
110941
110942
110943
110944
110947
110948
110949
110950
110953
110954
110955
110956
110959
110960
110961
110962
110965
110966
110967
110970
110971
110972
110973
110976
110977
110978
110979
110982
110983
110984
110985
110988
110989
110990
110991
110994
110995
110996
110999
111000
111001
111002
111005
111006
111007
111008
111011
111012
111013
111014
111018
111019
111020
111021
111024
111025
111026
111029
111030
111031
111032
111035
111036
111037
111038
111041
111042
111043
111044
111047
111048
111049
111050
111053
111054
111055
111058
111059
111060
111061
111064
111065
111066
111067
111070
111071
111072
111073
111074
111075
111076
111077
111078
111079
111080
111081
111082
111083
111084
111085
111086
111087
111088
111089
111090
111091
111092
111093
111094
111095
111096
111097
111098
111099
111100
111101
111102
111103
111104
111105
111106
111107
111108
111109
111110
111111
111112
111113
111114
111115
111116
111117
111118
111119
111120
111121
111122
111123
111124
111125
111126
111127
111128
111129
111130
111131
111132
111133
111134
111135
111136
111137
111138
111139
111140
111141
111142
111143
111144
111145
111146
111147
111148
111149
111150
111151
111152
111153
111154
111155
111156
111157
111158
111159
111160
111161
111162
111163
111164
111165
111166
111167
111168
111169
111170
111171
111172
111173
111174
111175
111176
111177
111178
111179
111180
111181
111182
111183
111184
111185
111186
111187
111188
111189
111190
111191
111192
111193
111194
111195
111196
111197
111198
111199
111200
111201
111202
111203
111204
111205
111206
111207
111208
111209
111210
111211
111212
111213
111214
111215
111216
111217
111218
111219
111220
111221
111222
111223
111224
111225
111226
111227
111228
111229
111230
111231
111232
111233
111234
111235
111236
111237
111238
111239
111240
111241
111242
111243
111244
111245
111246
111247
111248
111292
111296
111298
111299
111301
111302
111304
111306
111307
111308
111311
111312
111313
111314
111317
111318
111319
111322
111323
111325
111326
111328
111329
111330
111331
111333
111335
111336
111337
111341
111342
111343
111345
111346
111347
111348
111349
111351
111352
111353
111355
111357
111358
111359
111360
111361
111364
111365
111366
111367
111369
111370
111371
111372
111376
111377
111378
111380
111381
111382
111383
111384
111386
111387
111388
111389
111390
111393
111394
111395
111396
111399
111400
111401
111402
111405
111406
111408
111410
111411
111412
111413
111415
111416
111417
111418
111419
111422
111423
111424
111425
111428
111429
111430
111431
111433
111434
111435
111436
111437
111439
111440
111441
111443
111444
111446
111447
111448
111449
111451
111452
111453
111454
111457
111458
111459
111460
111462
111463
111464
111465
111466
111468
111469
111470
111471
111472
111474
111475
111477
111478
111479
111481
111482
111483
111484
111487
111488
111489
111490
111492
111493
111494
111495
111497
111498
111499
111500
111501
111503
111504
111505
111506
111507
111511
111512
111513
111515
111516
111517
111518
111519
111521
111522
111523
111524
111525
111527
111528
111529
111530
111531
111533
111534
111535
111536
111539
111540
111541
111542
111546
111547
111548
111550
111551
111552
111553
111554
111556
111557
111558
111559
111560
111563
111564
111565
111566
111569
111570
111571
111572
111574
111575
111576
111577
111579
111581
111582
111583
111585
111586
111587
111588
111589
111592
111593
111594
111595
111598
111599
111600
111601
111603
111604
111605
111606
111607
111609
111610
111611
111612
111614
111616
111617
111618
111621
111622
111623
111624
111627
111628
111629
111630
111632
111633
111634
111635
111636
111638
111639
111640
111641
111642
111645
111646
111647
111648
111651
111652
111653
111656
111657
111658
111659
111661
111662
111663
111664
111665
111667
111668
111669
111670
111671
111673
111674
111675
111676
111677
111680
111681
111682
111683
111687
111688
111689
111691
111692
111693
111694
111696
111697
111698
111699
111700
111703
111704
111705
111706
111709
111710
111711
111712
111715
111716
111717
111718
111720
111722
111723
111724
111727
111728
111729
111730
111732
111733
111734
111735
111738
111739
111740
111741
111744
111745
111746
111747
111749
111750
111751
111752
111753
111755
111757
111758
111759
111762
111763
111764
111765
111768
111769
111770
111771
111773
111774
111775
111776
111778
111779
111780
111781
111782
111784
111785
111786
111787
111789
111791
111792
111793
111794
111797
111798
111799
111800
111802
111803
111804
111805
111806
111808
111809
111810
111811
111813
111814
111815
111816
111817
111820
111821
111823
111825
111826
111827
111828
111829
111831
111832
111833
111834
111835
111837
111838
111839
111840
111841
111843
111844
111845
111846
111849
111850
111851
111852
111855
111856
111858
111860
111861
111862
111863
111864
111866
111867
111868
111869
111870
111873
111874
111875
111876
111879
111880
111881
111882
111884
111885
111886
111887
111890
111892
111893
111895
111896
111897
111898
111899
111901
111902
111903
111904
111905
111908
111909
111910
111911
111914
111915
111916
111917
111919
111920
111921
111922
111924
111926
111927
111928
111930
111931
111932
111933
111934
111937
111938
111939
111940
111943
111944
111945
111946
111948
111949
111950
111951
111952
111954
111955
111956
111957
111958
111961
111962
111963
111965
111966
111967
111968
111969
111972
111973
111974
111975
111978
111979
111980
111981
111983
111984
111985
111986
111987
111989
111990
111991
111992
111993
111997
111998
111999
112001
112002
112003
112004
112007
112008
112009
112010
112012
112013
112014
112015
112016
112018
112019
112020
112021
112022
112025
112026
112027
112028
112032
112033
112034
112036
112037
112038
112039
112040
112042
112043
112044
112045
112047
112048
112049
112050
112051
112053
112054
112055
112056
112057
112060
112061
112062
112063
112067
112068
112069
112071
112072
112073
112074
112075
112077
112078
112079
112080
112082
112083
112084
112085
112086
112088
112089
112090
112091
112092
112093
112094
112095
112096
112097
112098
112099
112100
112102
112103
112104
112105
112106
112107
112108
112109
112110
112111
112112
112113
112114
112115
112116
112117
112118
112119
112120
112121
112122
112123
112124
112125
112126
112127
112128
112129
112130
112131
112132
112133
112134
112135
112136
112138
112139
112140
112141
112142
112143
112144
112145
112146
112147
112148
112149
112150
112151
112152
112164
112167
112169
112170
112176
112177
112179
112181
112188
112194
112195
112201
112202
112206
112209
112210
112211
112213
112214
112215
112216
112217
112218
112220
112221
112222
112223
112225
112226
112227
112228
112229
112231
112232
112233
112234
112235
112237
112238
112239
112240
112241
112244
112245
112246
112247
112248
112250
112251
112252
112253
112254
112255
112256
112257
112258
112259
112261
112262
112263
112264
112265
112267
112268
112269
112270
112271
112273
112274
112275
112276
112277
112278
112280
112281
112282
112283
112284
112285
112286
112287
112288
112289
112290
112291
112292
112293
112294
112295
112296
112298
112299
112300
112301
112303
112304
112305
112306
112307
112308
112309
112310
112311
112312
112313
112314
112315
112316
112317
112318
112319
112321
112322
112323
112324
112325
112326
112327
112328
112329
112330
112331
112332
112333
112334
112335
112336
112337
112340
112341
112342
112343
112345
112346
112347
112348
112349
112351
112352
112353
112354
112355
112358
112359
112360
112361
112364
112365
112366
112367
112368
112369
112370
112371
112372
112373
112376
112377
112378
112379
112382
112383
112384
112385
112387
112388
112389
112390
112391
112392
112394
112395
112396
112397
112399
112400
112401
112402
112403
112404
112406
112407
112408
112409
112412
112413
112414
112415
112417
112418
112419
112420
112421
112422
112424
112425
112426
112427
112428
112429
112430
112431
112432
112433
112436
112437
112438
112439
112442
112443
112444
112445
112447
112448
112449
112450
112451
112453
112454
112455
112456
112457
112460
112461
112462
112463
112464
112465
112466
112467
112468
112469
112472
112473
112474
112475
112477
112478
112479
112480
112481
112483
112484
112485
112486
112487
112490
112491
112492
112493
112495
112496
112497
112498
112499
112501
112502
112503
112504
112505
112508
112509
112510
112511
112514
112515
112516
112517
112520
112521
112522
112523
112526
112527
112528
112529
112532
112533
112534
112535
112537
112538
112539
112540
112541
112542
112543
112544
112545
112546
112547
112549
112550
112551
112552
112553
112555
112556
112557
112558
112559
112562
112563
112564
112565
112567
112568
112569
112570
112571
112573
112574
112575
112576
112577
112578
112579
112580
112581
112582
112583
112584
112585
112586
112587
112588
112589
112592
112593
112594
112595
112596
112597
112598
112599
112600
112601
112602
112603
112604
112605
112606
112607
112608
112609
112610
112611
112612
112613
112615
112616
112617
112618
112619
112620
112661
112671
112700
112701
112703
112704
112705
112706
112707
112708
112709
112710
112712
112713
112714
112715
112716
112717
112718
112719
112720
112721
112722
112723
112725
112726
112727
112728
112729
112730
112731
112732
112733
112734
112735
112736
112737
112738
112739
112740
112741
112742
112743
112744
112745
112746
112747
112748
112749
112750
112752
112753
112754
112755
112757
112758
112759
112760
112762
112763
112764
112765
112766
112768
112769
112770
112771
112772
112774
112775
112776
112777
112778
112779
112781
112782
112783
112786
112787
112788
112789
112791
112792
112793
112794
112797
112798
112799
112800
112801
112803
112804
112805
112806
112808
112809
112810
112811
112812
112814
112815
112816
112817
112818
112820
112821
112822
112823
112826
112827
112828
112829
112832
112833
112836
112837
112838
112839
112842
112843
112844
112845
112846
112848
112849
112850
112851
112853
112854
112855
112856
112859
112860
112861
112862
112865
112866
112867
112868
112871
112872
112873
112874
112876
112877
112878
112879
112880
112882
112883
112884
112886
112887
112888
112889
112890
112891
112892
112893
112894
112895
112898
112899
112900
112901
112902
112903
112904
112905
112907
112908
112909
112910
112912
112913
112914
112915
112916
112918
112919
112920
112921
112922
112924
112925
112926
112927
112929
112930
112931
112932
112933
112934
112937
112938
112944
112961
112994
112996
112997
112998
112999
113002
113003
113004
113005
113008
113009
113010
113011
113012
113013
113014
113015
113016
113017
113018
113019
113020
113021
113022
113023
113024
113026
113027
113028
113029
113030
113032
113033
113034
113035
113038
113039
113040
113041
113044
113045
113046
113047
113050
113051
113052
113053
113056
113057
113058
113059
113062
113063
113064
113065
113067
113068
113069
113070
113071
113075
113076
113077
113078
113079
113080
113081
113082
113083
113086
113087
113088
113089
113090
113091
113092
113093
113094
113095
113098
113099
113100
113101
113104
113105
113106
113107
113109
113110
113111
113112
113113
113114
113116
113117
113118
113119
113122
113123
113124
113125
113127
113128
113129
113130
113131
113133
113134
113135
113136
113137
113140
113141
113142
113143
113145
113146
113147
113148
113149
113150
113152
113153
113154
113155
113158
113159
113160
113161
113164
113165
113166
113167
113170
113171
113172
113173
113176
113177
113178
113179
113180
113181
113182
113183
113184
113185
113186
113187
113188
113189
113190
113191
113192
113193
113194
113195
113196
113197
113198
113199
113200
113201
113202
113203
113204
113205
113206
113207
113208
113209
113210
113211
113212
113213
113214
113215
113216
113217
113218
113219
113220
113221
113222
113223
113224
113225
113226
113227
113228
113229
113230
113231
113232
113233
113235
113236
113237
113238
113239
113240
113241
113242
113243
113244
113245
113246
113247
113248
113249
113250
113251
113252
113253
113254
113255
113256
113257
113258
113259
113260
113261
113262
113263
113264
113265
113266
113267
113268
113269
113270
113271
113272
113273
113274
113275
113276
113277
113278
113279
113280
113281
113283
113284
113285
113286
113287
113288
113289
113290
113291
113292
113293
113294
113295
113296
113297
113298
113299
113300
113301
113302
113303
113304
113305
113306
113307
113308
113309
113310
113311
113312
113313
113314
113315
113316
113317
113318
113319
113320
113321
113322
113323
113324
113325
113326
113327
113328
113329
113330
113331
113332
113333
113334
113335
113336
113338
113339
113340
113341
113342
113343
113344
113345
113346
113347
113348
113349
113350
113351
113352
113353
113354
113355
113356
113357
113358
113359
113360
113361
113362
113363
113364
113365
113366
113367
113368
113369
113370
113371
113372
113374
113375
113376
113377
113378
113380
113381
113382
113383
113384
113386
113387
113388
113389
113390
113391
113392
113393
113394
113395
113397
113398
113399
113400
113401
113404
113405
113406
113407
113408
113411
113412
113413
113415
113416
113417
113418
113419
113420
113422
113423
113424
113425
113428
113429
113430
113431
113432
113434
113435
113436
113437
113439
113440
113441
113442
113443
113445
113446
113447
113448
113451
113452
113453
113454
113455
113457
113458
113459
113460
113462
113463
113464
113465
113466
113467
113468
113469
113470
113471
113472
113473
113474
113475
113476
113477
113478
113479
113480
113481
113482
113483
113484
113485
113486
113487
113488
113489
113490
113491
113492
113493
113494
113495
113496
113497
113498
113499
113500
113501
113502
113503
113505
113506
113507
113508
113510
113511
113512
113513
113515
113516
113517
113518
113519
113520
113522
113523
113524
113525
113527
113528
113529
113530
113531
113532
113533
113534
113535
113536
113537
113540
113541
113542
113544
113545
113546
113547
113548
113549
113550
113551
113552
113553
113554
113555
113556
113557
113558
113559
113560
113561
113562
113563
113564
113565
113566
113568
113569
113570
113571
113573
113574
113575
113576
113577
113580
113581
113582
113583
113585
113586
113587
113588
113591
113592
113593
113594
113597
113598
113599
113600
113603
113604
113605
113606
113609
113610
113611
113612
113615
113616
113617
113618
113621
113622
113623
113624
113626
113627
113628
113629
113630
113631
113632
113633
113634
113635
113636
113637
113638
113639
113640
113641
113644
113645
113646
113647
113650
113651
113652
113653
113654
113656
113657
113658
113661
113662
113663
113664
113666
113667
113668
113669
113671
113672
113673
113674
113675
113678
113679
113680
113681
113684
113685
113686
113687
113690
113691
113692
113693
113695
113696
113697
113698
113701
113702
113703
113704
113707
113708
113709
113710
113712
113713
113714
113715
113716
113719
113720
113721
113722
113723
113724
113725
113726
113727
113728
113731
113732
113733
113734
113737
113738
113739
113740
113741
113742
113743
113744
113745
113747
113748
113749
113750
113751
113754
113755
113756
113757
113759
113760
113761
113762
113763
113765
113766
113767
113768
113769
113771
113772
113773
113774
113776
113777
113778
113779
113782
113783
113784
113785
113788
113789
113790
113791
113794
113795
113796
113797
113798
113799
113800
113801
113802
113803
113804
113805
113806
113807
113808
113809
113812
113813
113814
113815
113816
113817
113818
113819
113820
113822
113823
113824
113825
113826
113827
113829
113830
113831
113832
113833
113834
113835
113836
113837
113838
113839
113840
113841
113842
113843
113844
113845
113846
113847
113848
113849
113850
113851
113852
113853
113854
113855
113856
113857
113858
113859
113860
113861
113862
113863
113864
113865
113866
113867
113868
113869
113870
113871
113872
113873
113874
113875
113876
113877
113878
113879
113880
113881
113882
113883
113884
113885
113886
113887
113888
113889
113890
113891
113892
113893
113894
113895
113896
113897
113898
113899
113900
113901
113902
113903
113904
113905
113906
113907
113908
113909
113910
113911
113912
113913
113914
113915
113916
113917
113918
113919
113920
113921
113922
113923
113924
113925
113926
113927
113928
113929
113930
113931
113932
113933
113934
113935
113936
113937
113938
113939
113940
113941
113942
113943
113944
113945
113946
113947
113948
113949
113950
113951
113952
113953
113954
113955
113956
113957
113958
113959
113960
113961
113962
113963
113964
113965
113966
113967
113968
113969
113970
113971
113972
113973
113974
113975
113976
113977
113978
113979
113980
113981
113982
113983
113984
113985
113986
113987
113988
113989
113990
113991
113992
113993
113994
113995
113996
113997
113998
113999
114000
114001
114002
114003
114004
114005
114006
114007
114008
114009
114010
114011
114012
114013
114014
114015
114016
114017
114018
114019
114020
114021
114022
114023
114024
114025
114026
114027
114028
114029
114030
114031
114032
114033
114034
114035
114036
114037
114038
114039
114040
114041
114042
114043
114044
114045
114046
114047
114048
114049
114050
114051
114052
114053
114054
114055
114056
114057
114058
114059
114060
114061
114062
114063
114066
114067
114068
114069
114071
114072
114073
114074
114077
114078
114079
114080
114081
114083
114084
114085
114086
114089
114090
114091
114092
114093
114095
114096
114097
114098
114099
114100
114101
114102
114103
114104
114105
114106
114107
114108
114109
114110
114111
114112
114113
114114
114115
114116
114118
114119
114120
114121
114122
114123
114124
114125
114126
114127
114130
114131
114132
114133
114134
114135
114136
114137
114138
114139
114140
114141
114142
114143
114144
114145
114146
114148
114149
114150
114151
114152
114153
114154
114155
114156
114157
114158
114159
114160
114161
114162
114163
114164
114165
114166
114167
114168
114169
114170
114171
114172
114173
114174
114175
114176
114177
114178
114179
114180
114181
114182
114183
114184
114185
114186
114187
114189
114190
114191
114192
114193
114195
114196
114197
114198
114199
114201
114202
114203
114204
114205
114207
114208
114209
114211
114212
114213
114214
114215
114217
114218
114219
114220
114221
114223
114224
114225
114226
114227
114228
114229
114230
114231
114232
114234
114235
114236
114237
114238
114241
114242
114243
114244
114245
114247
114248
114249
114250
114253
114254
114255
114256
114259
114260
114261
114262
114264
114265
114266
114267
114268
114269
114270
114271
114272
114273
114275
114276
114277
114278
114279
114280
114281
114282
114283
114284
114286
114287
114288
114289
114290
114293
114294
114295
114296
114298
114299
114300
114301
114302
114305
114306
114307
114308
114309
114310
114311
114312
114313
114314
114315
114316
114317
114318
114319
114322
114323
114324
114325
114326
114328
114329
114330
114331
114332
114333
114334
114335
114336
114337
114338
114340
114341
114342
114343
114344
114345
114346
114347
114348
114351
114352
114353
114354
114355
114356
114357
114358
114359
114360
114361
114362
114363
114364
114365
114366
114368
114369
114370
114371
114373
114374
114375
114376
114377
114380
114381
114382
114383
114386
114387
114388
114389
114390
114391
114392
114393
114394
114395
114396
114397
114398
114399
114400
114401
114402
114403
114404
114405
114406
114407
114409
114410
114411
114412
114413
114414
114415
114416
114417
114419
114420
114421
114422
114423
114425
114426
114427
114428
114429
114430
114432
114433
114434
114435
114438
114439
114440
114441
114444
114445
114446
114447
114450
114451
114452
114453
114456
114457
114458
114461
114462
114463
114464
114467
114468
114469
114470
114471
114473
114474
114475
114476
114478
114479
114480
114481
114483
114484
114485
114486
114487
114489
114490
114491
114492
114493
114494
114496
114497
114498
114499
114500
114502
114503
114504
114505
114506
114507
114508
114509
114510
114511
114512
114513
114514
114515
114516
114517
114518
114519
114520
114521
114522
114523
114524
114525
114526
114527
114528
114530
114531
114532
114533
114534
114535
114536
114537
114538
114539
114540
114542
114543
114544
114545
114546
114547
114548
114549
114550
114551
114553
114554
114555
114557
114558
114559
114560
114561
114563
114564
114565
114566
114567
114569
114570
114571
114572
114573
114575
114576
114577
114578
114579
114581
114582
114583
114584
114585
114586
114587
114588
114589
114590
114591
114592
114593
114594
114595
114596
114597
114598
114600
114601
114602
114603
114605
114606
114607
114608
114610
114611
114612
114613
114615
114616
114617
114618
114619
114620
114621
114622
114623
114624
114625
114627
114628
114629
114630
114631
114632
114633
114634
114635
114636
114637
114639
114640
114641
114642
114643
114644
114646
114647
114648
114649
114650
114651
114652
114653
114654
114655
114656
114658
114659
114660
114662
114663
114664
114665
114666
114668
114669
114670
114671
114672
114673
114675
114676
114677
114678
114680
114681
114682
114683
114684
114686
114687
114688
114689
114691
114692
114693
114694
114695
114697
114698
114699
114700
114701
114704
114705
114706
114707
114709
114710
114711
114712
114713
114714
114715
114716
114717
114718
114719
114720
114721
114722
114723
114724
114727
114728
114729
114730
114732
114733
114734
114735
114736
114737
114738
114739
114740
114741
114742
114743
114745
114746
114747
114748
114749
114750
114751
114752
114753
114756
114757
114758
114759
114760
114761
114762
114763
114764
114767
114768
114769
114770
114771
114773
114774
114775
114776
114777
114778
114779
114780
114781
114782
114785
114786
114787
114788
114789
114791
114792
114793
114794
114796
114797
114798
114799
114800
114801
114802
114803
114804
114805
114806
114807
114809
114810
114811
114812
114813
114814
114815
114816
114817
114818
114819
114820
114821
114822
114825
114826
114827
114828
114831
114832
114833
114834
114835
114836
114837
114838
114839
114840
114841
114842
114843
114844
114845
114846
114847
114849
114850
114851
114852
114854
114855
114856
114857
114858
114861
114862
114863
114866
114867
114868
114869
114872
114873
114874
114875
114876
114878
114879
114880
114881
114882
114883
114884
114885
114886
114887
114889
114890
114891
114892
114893
114894
114895
114896
114897
114898
114899
114901
114902
114903
114904
114905
114907
114908
114909
114910
114912
114913
114914
114915
114916
114917
114918
114919
114920
114921
114922
114924
114925
114926
114927
114928
114930
114931
114932
114933
114934
114935
114936
114937
114938
114939
114940
114942
114943
114944
114945
114946
114947
114948
114949
114950
114951
114952
114953
114954
114955
114956
114958
114959
114960
114961
114962
114965
114966
114967
114969
114970
114971
114972
114973
114974
114975
114976
114977
114978
114979
114980
114982
114983
114984
114985
114986
114988
114989
114990
114991
114994
114995
114996
114997
114999
115000
115001
115002
115003
115004
115005
115006
115007
115008
115009
115012
115013
115014
115015
101893
104346
107196
107197
107199
107200
107201
107207
113812
113813
113814
113817
113818
