100122
100206
100684
100818
100870
100907
101045
101223
101308
101506
101593
101652
101754
101949
102186
102433
102452
102793
102801
103302
104009
104225
104257
105164
105210
105587
105659
105729
105989
106133
106389
106705
106757
107047
107048
107323
107397
107429
107433
107469
107473
107498
107606
107656
107679
107698
108001
108150
108166
108200
108523
108624
108652
108811
108909
109006
109069
109292
109348
109534
109553
109592
109759
109852
109876
109926
110087
110095
110234
110359
110577
110682
110711
110802
110881
110883
111028
111055
111455
111572
111650
111665
111813
111942
112077
112095
112121
112203
112468
112582
112704
112778
112786
112829
112882
112914
113052
113063
113118
113199
113250
113335
113394
113441
113565
113608
113630
113663
113803
113816
113831
113839
113930
114036
114067
114113
114153
114167
114322
114388
114460
114530
114553
114671
114691
114719
114755
114787
114815
114890
115045
115087
115103
115121
115187
115220
115264
115448
115532
115680
115826
115856
115858
115899
115900
115905
115919
115925
115972
115979
115998
116008
116028
116065
116068
116081
116090
116113
116136
116179
116210
116266
116302
116308
116337
116371
116372
116463
116629
116686
116743
116769
116802
116819
116888
116912
116915
117065
117069
117088
117095
117108
117119
117153
117171
117210
117253
117310
117358
117444
117531
117604
117703
117888
117928
117947
118164
118167
118170
118174
118188
118292
118385
118441
118476
118486
118492
118499
118505
118515
118516
118517
118518
118519
118525
118526
118528
118537
118539
118546
118550
118555
118556
118557
118558
118559
118560
118561
118562
118563
118564
118565
118566
118567
118568
118569
118570
118571
118572
118574
118575
118576
118578
118579
118580
118581
118583
118584
118585
118586
118587
118588
118589
118590
118591
118592
118593
118594
118595
118596
118597
118598
118599
118600
118601
118603
118604
118605
118606
118607
118608
118610
118611
118612
118613
118614
118615
118616
118618
118619
118621
118622
118623
118624
118625
118626
118627
118628
118629
118630
118632
118633
118634
118635
118636
118637
118639
118640
118642
118645
118646
118647
118648
118649
118650
118652
118653
118654
118655
118656
118660
118661
118662
118663
118664
118665
118666
118669
118670
118671
118673
118675
118676
118677
118678
118679
118680
118681
118682
118683
118684
118685
118686
118687
118688
118689
118690
118691
118692
118693
118694
118695
118696
118698
118699
118700
118701
118702
118704
118705
118706
118707
118708
118709
118710
118711
118712
118713
118714
118715
118716
118717
118718
118719
118720
118721
118722
118723
118724
118725
118726
118727
118728
118730
118731
118732
118733
118734
118736
118737
118738
118739
118740
118741
118744
118745
118746
118747
118749
118751
118752
118753
118754
118755
118756
118758
118759
118760
118761
118762
118763
118764
118765
118766
118767
118768
118769
118770
118771
118774
118775
118776
118777
118778
118781
118782
118783
118784
118785
118787
118789
118790
118791
118792
118793
118795
118796
118797
118798
118800
118801
118802
118803
118804
118805
118806
118808
118809
118810
118811
118812
118813
118814
118815
118816
118817
118818
118819
118820
118821
118822
118823
118824
118825
118826
118827
118828
118829
118830
118831
118833
118834
118835
118836
118837
118838
118839
118840
118841
118842
118843
118844
118845
118846
118847
118848
118850
118851
118852
118853
118854
118855
118856
118857
118858
118859
118860
118861
118862
118864
118865
118866
118867
118868
118869
118870
118871
118872
118874
118875
118876
118877
118878
118879
118880
118881
118883
118884
118886
118887
118888
118889
118890
118891
118892
118893
118894
118895
118896
118897
118898
118899
118901
118902
118903
118904
118905
118906
118907
118908
118909
118910
118911
118912
118914
118915
118916
118917
118918
118919
118920
118921
118922
118923
118924
118925
118927
118928
118929
118930
118931
118932
118934
118935
118936
118937
118938
118939
118940
118941
118943
118945
118946
118947
118948
118949
118951
118952
118953
118955
118956
118957
118958
118959
118960
118962
118963
118964
118965
118966
118967
118968
118969
118970
118971
118972
118973
118974
118975
118976
118977
118978
118979
118980
118981
118982
118983
118984
118986
118987
118989
118992
118993
118994
118997
118998
118999
119000
119001
119002
119003
119004
119005
119006
119008
119009
119011
119012
119014
119015
119016
119018
119019
119020
119021
119022
119024
119025
119026
119027
119028
119029
119030
119031
119032
119033
119034
119036
119037
119038
119039
119041
119042
119043
119044
119045
119046
119047
119048
119049
119050
119051
119052
119053
119054
119055
119056
119057
119058
119060
119061
119062
119063
119064
119065
119066
119067
119069
119070
119071
119072
119073
119075
119076
119077
119078
119079
119082
119084
119085
119086
119087
119088
119089
119090
119091
119092
119093
119094
119095
119096
119097
119098
119099
119101
119102
119103
119104
119105
119106
119107
119108
119109
119112
119113
119114
119115
119116
119117
119118
119119
119120
119123
119124
119125
119126
119127
119128
119129
119130
119131
119133
119134
119135
119136
119137
119138
119139
119140
119142
119143
119144
119145
119146
119147
119149
119150
119151
119152
119153
119154
119155
119157
119158
119160
119161
119162
119163
119164
119166
119167
119168
119169
119170
119173
119174
119175
119176
119177
119179
119180
119181
119182
119183
119185
119186
119189
119190
119191
119192
119193
119195
119196
119197
119198
119199
119200
119201
119202
119203
119204
119205
119206
119207
119208
119210
119211
119212
119213
119214
119215
119216
119217
119218
119219
119221
119222
119223
119225
119226
119227
119228
119229
119230
119231
119232
119233
119234
119235
119237
119239
119240
119241
119242
119243
119244
119245
119247
119248
119249
119250
119251
119252
119254
119255
119257
119258
119259
119260
119261
119262
119263
119264
119265
119266
119267
119268
119269
119270
119271
119272
119273
119274
119275
119276
119277
119278
119279
119280
119281
119282
119283
119284
119285
119286
119287
119288
119289
119290
119291
119292
119293
119294
119295
119296
119297
119298
119299
119300
119302
119303
119304
119305
119306
119307
119308
119309
119310
119311
119312
119315
119316
119317
119318
119319
119320
119321
119322
119323
119324
119325
119327
119328
119329
119330
119332
119333
119334
119335
119336
119337
119338
119339
119340
119341
119342
119343
119344
119345
119346
119348
119349
119350
119351
119352
119353
119354
119355
119356
119357
119358
119359
119360
119361
119362
119363
119364
119365
119366
119367
119368
119369
119370
119371
119372
119373
119375
119376
119377
119378
119379
119381
119382
119384
119385
119386
119387
119388
119389
119390
119391
119392
119393
119394
119395
119396
119398
119399
119400
119402
119403
119404
119405
119406
119407
119408
119409
119410
119412
119413
119414
119415
119416
119417
119418
119419
119420
119421
119422
119423
119424
119425
119426
119427
119428
119430
119431
119432
119433
119434
119435
119436
119437
119439
119440
119442
119443
119444
119445
119446
119447
119448
119449
119450
119451
119452
119453
119456
119457
119458
119459
119460
119461
119462
119463
119464
119466
119467
119468
119469
119470
119471
119472
119473
119474
119475
119477
119478
119479
119480
119481
119482
119483
119485
119486
119487
119488
119489
119490
119491
119492
119493
119494
119495
119496
119497
119498
119499
119500
119501
119502
119503
119504
119505
119506
119507
119508
119509
119510
119511
119512
119513
119514
119516
119517
119518
119519
119520
119521
119522
119523
119524
119525
119526
119527
119528
119529
119530
119531
119532
119533
119534
119536
119537
119538
119539
119540
119541
119542
119544
119547
119548
119549
119550
119551
119552
119553
119554
119555
119556
119557
119559
119560
119563
119564
119566
119567
119568
119569
119570
119571
119572
119574
119575
119576
119577
119578
119579
119580
119581
119582
119583
119584
119585
119586
119588
119589
119591
119592
119593
119594
119595
119596
119597
119598
119599
119600
119602
119603
119604
119605
119607
119608
119609
119610
119611
119612
119613
119614
119615
119616
119617
119618
119619
119620
119621
119622
119623
119625
119626
119627
119629
119630
119631
119632
119633
119634
119635
119636
119637
119638
119639
119640
119641
119642
119643
119644
119645
119646
119647
119648
119649
119650
119651
119653
119656
119658
119659
119660
119661
119662
119663
119664
119665
119666
119667
119668
119669
119671
119672
119673
119675
119677
119678
119679
119680
119681
119683
119684
119685
119686
119687
119689
119690
119691
119692
119693
119694
119695
119696
119697
119698
119699
119700
119701
119702
119703
119704
119705
119706
119707
119708
119709
119710
119711
119712
119714
119715
119717
119719
119721
119722
119723
119724
119725
119726
119727
119728
119730
119732
119733
119735
119736
119738
119739
119740
119743
119744
119745
119746
119747
119750
119751
119752
119753
119754
119755
119756
119757
119758
119759
119760
119761
119762
119763
119764
119765
119766
119767
119768
119770
119771
119772
119773
119774
119775
119776
119777
119778
119779
119781
119782
119783
119784
119786
119787
119788
119789
119790
119791
119792
119793
119794
119795
119796
119797
119798
119801
119802
119803
119805
119806
119807
119809
119811
119812
119813
119814
119815
119816
119817
119818
119819
119820
119822
119824
119825
119826
119827
119828
119829
119830
119831
119832
119833
119834
119835
119836
119837
119838
119839
119840
119841
119842
119843
119844
119845
119846
119847
119848
119849
119850
119851
119852
119853
119854
119855
119856
119857
119858
119860
119863
119864
119865
119866
119867
119868
119869
119870
119871
119872
119873
119874
119876
119877
119878
119879
119880
119881
119883
119884
119885
119886
119887
119888
119890
119891
119892
119894
119895
119896
119898
119899
119900
119901
119902
119903
119904
119905
119907
119908
119909
119910
119911
119912
119913
119917
119918
119919
119920
119922
119923
119924
119925
119927
119928
119929
119930
119931
119932
119933
119934
119936
119937
119938
119939
119940
119941
119942
119943
119944
119945
119946
119947
119949
119950
119951
119952
119953
119954
119955
119956
119957
119958
119959
119960
119961
119963
119964
119965
119966
119967
119968
119969
119970
119971
119972
119973
119974
119975
119976
119977
119978
119979
119980
119981
119982
119983
119984
119985
119986
119987
119990
119991
119992
119994
119995
119996
119997
119998
119999
120000
120001
120002
120003
120004
120005
120007
120008
120009
120010
120011
120012
120013
120014
120015
120016
120017
120018
120019
120020
120021
120022
120023
120024
120025
120027
120028
120029
120030
120031
120032
120033
120034
120035
120036
120037
120038
120039
120040
120041
120042
120043
120044
120045
120046
120047
120048
120049
120050
120051
120052
120053
120054
120055
120056
120057
120058
120059
120060
120062
120063
120064
120065
120066
120067
120070
120071
120072
120073
120074
120077
120079
120082
120083
120084
120085
120086
120087
120088
120089
120090
120091
120092
120093
120094
120095
120096
120097
120098
120099
120100
120101
120102
120104
120105
120106
120107
120108
120109
120110
120111
120112
120113
120114
120115
120116
120117
120118
120119
120121
120123
120124
120125
120128
120129
120130
120132
120133
120134
120136
120137
120138
120139
120140
120141
120142
120143
120144
120145
120146
120147
120148
120149
120150
120151
120152
120153
120155
120156
120157
120158
120159
120160
120161
120162
120163
120164
120166
120167
120169
120170
120171
120173
120174
120175
120176
120177
120178
120180
120181
120182
120183
120184
120185
120186
120187
120188
120190
120191
120192
120193
120194
120196
120197
120198
120199
120200
120201
120202
120203
120204
120205
120207
120208
120209
120210
120211
120213
120214
120215
120216
120217
120219
120220
120221
120222
120223
120224
120225
120226
120227
120228
120229
120230
120231
120232
120233
120234
120235
120236
120238
120239
120240
120241
120242
120243
120244
120245
120247
120248
120249
120250
120251
120252
120253
120254
120255
120256
120257
120258
120259
120260
120261
120262
120263
120264
120265
120266
120267
120268
120269
120270
120271
120272
120273
120276
120277
120278
120279
120280
120282
120283
120284
120285
120286
120287
120288
120289
120290
120291
120293
120294
120295
120297
120298
120299
120300
120301
120304
120305
120306
120308
120309
120310
120311
120312
120313
120314
120315
120316
120317
120318
120319
120320
120321
120322
120323
120324
120325
120326
120327
120328
120330
120331
120332
120333
120334
120335
120336
120338
120339
120340
120341
120342
120343
120345
120346
120347
120348
120349
120350
120351
120353
120354
120355
120356
120357
120358
120359
120360
120361
120362
120363
120364
120366
120367
120368
120369
120370
120371
120372
120373
120374
120375
120376
120377
120378
120379
120380
120381
120382
120383
120385
120386
120387
120388
120389
120390
120391
120392
120393
120394
120395
120396
120397
120398
120399
120400
120401
120402
120403
120404
120405
120406
120407
120408
120410
120411
120412
120413
120414
120415
120416
120417
120418
120419
120420
120421
120422
120423
120424
120425
120426
120427
120428
120429
120430
120431
120433
120434
120435
120437
120438
120439
120440
120441
120442
120443
120444
120446
120447
120448
120449
120450
120451
120452
120453
120454
120455
120456
120457
120458
120459
120460
120461
120462
120463
120464
120467
120468
120469
120470
120471
120472
120473
120474
120475
120476
120477
120478
120479
120480
120481
120483
120484
120485
120487
120488
120489
120490
120492
120494
120495
120496
120497
120498
120499
120500
120501
120502
120503
120504
120505
120506
120508
120510
120511
120512
120513
120514
120515
120516
120517
120518
120519
120520
120521
120522
120524
120525
120526
120527
120528
120529
120530
120531
120532
120533
120534
120535
120536
120538
120539
120540
120541
120543
120544
120546
120547
120548
120549
120550
120551
120552
120553
120554
120555
120556
120557
120558
120559
120560
120561
120563
120564
120565
120566
120567
120568
120569
120571
120572
120573
120574
120576
120577
120578
120579
120580
120581
120582
120583
120584
120585
120586
120587
120588
120589
120590
120591
120592
120593
120594
120595
120596
120597
120598
120600
120602
120603
120604
120605
120606
120607
120608
120609
120610
120611
120612
120613
120615
120616
120617
120618
120619
120620
120621
120622
120625
120626
120627
120628
120629
120631
120632
120633
120634
120635
120636
120637
120638
120639
120640
120641
120642
120643
120644
120646
120647
120648
120649
120650
120651
120652
120653
120655
120657
120658
120659
120660
120661
120662
120663
120665
120666
120667
120668
120669
120670
120671
120672
120674
120675
120676
120677
120678
120679
120680
120681
120682
120684
120685
120686
120687
120688
120689
120690
120691
120692
120694
120695
120696
120697
120698
120699
120700
120702
120703
120704
120705
120706
120707
120708
120709
120710
120711
120712
120713
120714
120715
120716
120717
120720
120721
120722
120724
120725
120726
120727
120728
120729
120730
120731
120732
120733
120734
120735
120736
120737
120739
120740
120744
120745
120746
120747
120748
120749
120751
120752
120756
120757
120758
120760
120761
120762
120763
120764
120765
120766
120767
120769
120770
120771
120772
120773
120774
120775
120776
120777
120778
120780
120781
120782
120783
120784
120787
120788
120789
120790
120791
120793
120794
120795
120796
120797
120798
120801
120804
120805
120806
120807
120808
120811
120812
120813
120814
120815
120816
120817
120818
120819
120820
120821
120822
120823
120824
120825
120826
120827
120828
120829
120830
120831
120832
120833
120834
120835
120836
120837
120838
120839
120840
120841
120842
120843
120844
120845
120846
120847
120848
120849
120850
120851
120852
120854
120855
120856
120857
120858
120859
120860
120861
120862
120863
120864
120865
120866
120867
120868
120869
120870
120871
120872
120873
120875
120876
120877
120878
120879
120881
120882
120883
120885
120886
120887
120888
120889
120890
120891
120892
120893
120894
120895
120896
120897
120898
120899
120900
120901
120902
120903
120904
120905
120906
120907
120908
120909
120910
120911
120913
120914
120915
120916
120917
120918
120919
120920
120922
120923
120924
120927
120928
120929
120930
120931
120933
120934
120935
120936
120937
120938
120939
120940
120941
120942
120943
120944
120945
120946
120947
120948
120949
120950
120951
120952
120953
120954
120955
120956
120957
120958
120960
120961
120962
120963
120964
120965
120966
120967
120968
120970
120971
120972
120973
120974
120975
120976
120977
120978
120979
120980
120981
120982
120983
120985
120987
120988
120989
120990
120991
120992
120993
120994
120995
120997
120998
120999
121000
121001
121002
121003
121004
121005
121006
121008
121009
121010
121011
121012
121016
121017
121018
121019
121020
121022
121023
121024
121025
121026
121027
121028
121029
121030
121031
121032
121033
121034
121035
121037
121038
121039
121040
121042
121043
121044
121046
121047
121048
121049
121050
121051
121052
121053
121054
121055
121056
121057
121059
121060
121061
121062
121063
121064
121065
121066
121067
121068
121069
121070
121071
121072
121073
121074
121075
121076
121077
121078
121079
121080
121082
121083
121084
121085
121086
121087
121088
121089
121090
121092
121093
121094
121095
121096
121097
121098
121099
121101
121102
121103
121105
121106
121107
121108
121109
121111
121112
121113
121115
121116
121117
121118
121119
121120
121121
121122
121124
121125
121127
121128
121129
121130
121131
121132
121133
121134
121135
121136
121137
121138
121139
121140
121141
121142
121143
121145
121146
121147
121149
121151
121153
121154
121155
121157
121158
121160
121161
121162
121163
121164
121165
121166
121167
121168
121169
121170
121171
121172
121174
121175
121176
121177
121178
121179
121180
121181
121182
121183
121184
121185
121186
121187
121188
121189
121190
121191
121192
121193
121194
121195
121196
121197
121198
121199
121200
121201
121202
121203
121204
121205
121206
121207
121208
121209
121210
121211
121212
121213
121214
121215
121216
121217
121218
121219
121220
121221
121222
121223
121224
121225
121226
121227
121229
121230
121231
121232
121233
121236
121237
121239
121240
121241
121242
121243
121244
121245
121247
121248
121249
121250
121251
121252
121253
121254
121255
121256
121257
121258
121259
121260
121261
121262
121263
121264
121266
121267
121268
121269
121270
121273
121274
121275
121276
121277
121278
121279
121280
121281
121282
121283
121284
121285
121286
121287
121288
121289
121290
121291
121292
121293
121294
121295
121296
121297
121298
121299
121300
121301
121302
121303
121304
121305
121307
121308
121309
121310
121311
121312
121313
121314
121315
121316
121317
121318
121319
121320
121321
121322
121323
121324
121325
121326
121327
121328
121329
121330
121331
121332
121333
121334
121335
121336
121337
121338
121339
121341
121342
121343
121344
121345
121346
121347
121348
121349
121351
121352
121353
121354
121355
121356
121357
121358
121359
121360
121361
121362
121363
121364
121365
121366
121367
121368
121369
121370
121371
121372
121373
121374
121375
121376
121378
121379
121380
121381
121382
121383
121384
121385
121386
121388
121389
121390
121391
121392
121394
121395
121396
121398
121399
121400
121401
121402
121403
121404
121405
121406
121408
121409
121410
121411
121412
121414
121415
121417
121418
121419
121420
121421
121423
121424
121425
121426
121427
121428
121429
121430
121431
121432
121433
121434
121435
121436
121437
121438
121439
121440
121441
121442
121443
121444
121445
121447
121449
121450
121451
121452
121453
121454
121455
121456
121457
121458
121459
121461
121462
121463
121464
121465
121466
121467
121468
121469
121470
121471
121472
121474
121475
121476
121477
121478
121479
121480
121481
121483
121484
121485
121486
121487
121488
121489
121490
121491
121492
121493
121494
121495
121496
121497
121498
121499
121500
121501
121502
121504
121505
121506
121507
121508
121510
121511
121512
121513
121514
121516
121517
121518
121519
121520
121521
121523
121524
121525
121526
121527
121528
121529
121530
121531
121532
121533
121534
121536
121537
121538
121539
121540
121541
121542
121543
121544
121545
121546
121548
121549
121550
121552
121553
121554
121555
121557
121558
121559
121560
121561
121562
121563
121564
121565
121566
121567
121568
121570
121571
121572
121573
121574
121575
121576
121577
121578
121579
121580
121581
121582
121583
121584
121585
121586
121587
121588
121589
121591
121592
121594
121595
121596
121597
121598
121599
121600
121601
121602
121603
121604
121605
121608
121610
121611
121613
121614
121615
121616
121617
121619
121620
121621
121622
121623
121624
121625
121626
121627
121628
121630
121631
121632
121633
121634
121635
121636
121637
121638
121639
121640
121641
121644
121645
121646
121647
121648
121649
121650
121651
121652
121653
121654
121655
121656
121657
121658
121659
121660
121662
121663
121664
121665
121666
121667
121668
121669
121670
121671
121672
121673
121674
121676
121677
121678
121679
121680
121681
121682
121683
121684
121685
121686
121687
121688
121689
121690
121692
121694
121695
121697
121698
121699
121700
121701
121704
121705
121706
121708
121709
121710
121711
121712
121713
121714
121715
121716
121717
121718
121719
121721
121722
121723
121725
121726
121727
121728
121729
121730
121731
121732
121733
121734
121735
121736
121737
121738
121739
121740
121741
121742
121743
121744
121746
121748
121749
121751
121752
121753
121754
121755
121756
121757
121758
121759
121760
121761
121762
121763
121764
121765
121766
121767
121768
121769
121771
121773
121774
121775
121776
121777
121778
121779
121780
121781
121783
121784
121785
121786
121787
121788
121789
121790
121791
121792
121793
121794
121796
121798
121799
121801
121802
121803
121804
121805
121806
121807
121808
121810
121811
121813
121814
121815
121816
121817
121818
121819
121820
121821
121822
121823
121824
121825
121827
121828
121829
121830
121831
121832
121833
121834
121836
121837
121838
121839
121840
121841
121842
121843
121844
121845
121846
121847
121848
121849
121851
121852
121853
121854
121855
121857
121858
121859
121860
121862
121863
121864
121865
121866
121867
121868
121869
121870
121871
121872
121873
121874
121876
121877
121878
121880
121881
121882
121884
121885
121886
121887
121889
121890
121892
121893
121894
121895
121896
121898
121899
121900
121901
121902
121903
121904
121905
121906
121907
121908
121909
121910
121911
121912
121913
121914
121915
121916
121917
121918
121919
121920
121921
121922
121923
121924
121925
121926
121927
121929
121931
121933
121934
121935
121936
121937
121938
121939
121941
121942
121943
121944
121945
121946
121947
121948
121949
121950
121951
121952
121953
121954
121955
121957
121958
121959
121960
121961
121962
121963
121964
121965
121966
121969
121970
121971
121973
121974
121975
121977
121978
121980
121981
121983
121985
121986
121987
121988
121989
121990
121991
121992
121993
121994
121995
121996
121997
121998
121999
122000
122001
122002
122005
122006
122007
122009
122010
122011
122013
122014
122015
122016
122019
122020
122021
122022
122024
122025
122026
122029
122030
122031
122032
122033
122035
122037
122038
122039
122040
122042
122043
122044
122045
122046
122047
122048
122049
122052
122053
122054
122056
122057
122058
122059
122060
122061
122062
122063
122064
122065
122066
122068
122069
122070
122072
122073
122074
122075
122076
122077
122078
122079
122080
122082
122083
122084
122085
122086
122089
122090
122091
122092
122093
122094
122096
122097
122098
122099
122100
122101
122102
122103
122104
122105
122106
122107
122108
122109
122110
122111
122112
122113
122114
122115
122116
122117
122118
122119
122120
122121
122122
122123
122124
122125
122126
122127
122128
122129
122130
122131
122133
122134
122135
122136
122139
122140
122141
122142
122143
122144
122147
122148
122149
122150
122151
122152
122153
122154
122155
122156
122157
122158
122159
122160
122161
122162
122163
122164
122165
122167
122168
122169
122170
122171
122172
122173
122174
122175
122176
122177
122178
122179
122180
122181
122182
122183
122184
122185
122186
122187
122188
122189
122190
122191
122192
122193
122194
122195
122196
122197
122198
122199
122200
122201
122202
122203
122204
122205
122206
122207
122208
122209
122210
122211
122212
122213
122214
122215
122216
122217
122218
122219
122220
122221
122223
122224
122225
122226
122227
122228
122229
122230
122231
122232
122233
122234
122236
122237
122238
122239
122240
122241
122242
122243
122244
122245
122246
122247
122248
122249
122250
122251
122252
122253
122255
122256
122257
122258
122259
122260
122261
122262
122263
122264
122265
122266
122267
122268
122269
122270
122271
122272
122273
122274
122276
122277
122278
122279
122280
122281
122282
122283
122284
122285
122286
122288
122289
122290
122291
122292
122293
122294
122295
122296
122297
122298
122299
122300
122301
122302
122304
122305
122306
122308
122309
122310
122312
122313
122314
122316
122317
122318
122319
122320
122321
122323
122324
122325
122326
122327
122328
122330
122331
122332
122333
122334
122335
122336
122337
122338
122339
122342
122343
122344
122345
122346
122347
122349
122350
122351
122352
122353
122356
122357
122358
122359
122360
122361
122362
122363
122364
122365
122366
122367
122368
122369
122370
122371
122372
122373
122375
122376
122377
122378
122380
122381
122383
122384
122385
122386
122388
122389
122390
122391
122392
122393
122395
122396
122397
122398
122399
122400
122401
122404
122405
122406
122407
122408
122409
122410
122411
122412
122413
122414
122415
122416
122417
122419
122420
122421
122422
122423
122425
122426
122427
122428
122429
122430
122431
122432
122433
122434
122435
122436
122437
122439
122440
122441
122442
122443
122444
122445
122446
122448
122449
122450
122451
122452
122453
122454
122455
122456
122457
122458
122459
122460
122461
122462
122463
122464
122465
122467
122468
122469
122471
122472
122473
122474
122475
122476
122477
122478
122479
122480
122481
122482
122483
122484
122485
122486
122487
122488
122489
122490
122491
122492
122493
122497
122499
122500
122501
122502
122505
122506
122507
122508
122510
122511
122512
122513
122514
122515
122516
122518
122519
122520
122521
122522
122523
122524
122525
122526
122527
122528
122529
122530
122531
122532
122533
122535
122536
122537
122538
122539
122541
122542
122543
122544
122545
122546
122547
122548
122549
122550
122552
122554
122555
122556
122557
122559
122560
122561
122562
122563
122564
122565
122566
122567
122568
122569
122570
122571
122572
122573
122574
122576
122577
122578
122579
122580
122581
122582
122584
122585
122586
122587
122588
122589
122590
122591
122592
122593
122594
122595
122597
122599
122600
122601
122602
122603
122604
122605
122606
122607
122608
122610
122611
122612
122613
122614
122615
122616
122617
122618
122619
122620
122621
122622
122623
122624
122625
122626
122627
122628
122629
122630
122631
122633
122635
122636
122637
122638
122639
122640
122641
122642
122644
122645
122646
122647
122648
122649
122650
122651
122652
122653
122654
122655
122656
122658
122659
122660
122661
122662
122663
122664
122665
122666
122667
122668
122670
122672
122673
122674
122675
122677
122678
122679
122680
122682
122683
122684
122685
122686
122687
122688
122689
122690
122691
122692
122693
122694
122695
122696
122697
122698
122699
122700
122701
122702
122703
122704
122705
122706
122707
122708
122709
122710
122711
122712
122713
122714
122716
122717
122718
122719
122720
122721
122722
122723
122724
122725
122726
122727
122728
122729
122730
122731
122733
122734
122735
122736
122737
122739
122740
122741
122742
122743
122744
122745
122746
122747
122748
122749
122750
122751
122752
122754
122755
122756
122757
122758
122760
122761
122762
122764
122765
122766
122767
122768
122769
122770
122772
122773
122775
122776
122777
122778
122780
122781
122782
122783
122784
122785
122786
122788
122789
122790
122791
122792
122793
122794
122795
122796
122797
122798
122799
122800
122801
122804
122805
122806
122807
122808
122809
122810
122811
122812
122813
122814
122815
122816
122817
122818
122819
122820
122821
122822
122823
122824
122825
122826
122827
122828
122829
122830
122831
122832
122833
122834
122835
122836
122837
122839
122840
122841
122842
122843
122844
122846
122847
122848
122850
122851
122852
122853
122854
122855
122856
122858
122859
122860
122861
122862
122863
122864
122865
122866
122867
122868
122869
122870
122871
122872
122873
122874
122877
122879
122880
122881
122882
122883
122884
122885
122887
122888
122889
122890
122892
122893
122894
122895
122896
122897
122898
122899
122900
122901
122902
122903
122904
122905
122906
122907
122908
122909
122910
122911
122912
122913
122914
122915
122916
122917
122918
122919
122920
122921
122922
122923
122924
122926
122927
122928
122929
122930
122931
122932
122933
122934
122935
122937
122938
122940
122941
122942
122943
122944
122945
122946
122947
122948
122949
122950
122951
122952
122953
122955
122956
122957
122958
122959
122960
122961
122962
122963
122964
122965
122966
122967
122968
122969
122970
122972
122973
122975
122976
122977
122978
122979
122980
122982
122983
122984
122985
122987
122988
122989
122990
122991
122993
122994
122995
122997
122998
122999
123000
123001
123003
123004
123005
123006
123007
123008
123009
123010
123011
123013
123014
123015
123016
123017
123019
123020
123021
123022
123023
123024
123026
123027
123029
123030
123033
123034
123035
123036
123037
123038
123039
123040
123041
123042
123044
123046
123047
123048
123050
123051
123052
123053
123054
123055
123056
123057
123058
123060
123061
123062
123063
123064
123065
123066
123068
123069
123070
123071
123072
123073
123075
123076
123077
123078
123079
123080
123081
123082
123083
123084
123085
123086
123088
123089
123090
123091
123092
123093
123094
123095
123096
123097
123098
123099
123100
123101
123102
123103
123104
123105
123106
123107
123108
123109
123110
123112
123113
123114
123115
123116
123117
123118
123119
123120
123121
123122
123123
123124
123125
123126
123128
123129
123132
123133
123134
123135
123136
123137
123138
123140
123141
123142
123143
123144
123145
123146
123147
123148
123149
123150
123151
123152
123153
123154
123155
123156
123157
123158
123160
123161
123162
123163
123164
123165
123166
123167
123168
123169
123170
123171
123173
123174
123175
123176
123178
123180
123181
123182
123183
123185
123187
123188
123189
123190
123191
123192
123194
123195
123196
123197
123198
123199
123200
123201
123202
123203
123204
123205
123206
123207
123208
123209
123210
123211
123212
123213
123214
123215
123216
123218
123219
123220
123221
123222
123223
123224
123225
123226
123229
123230
123231
123232
123233
123234
123235
123236
123237
123238
123239
123240
123241
123242
123243
123245
123247
123248
123249
123250
123251
123252
123253
123254
123255
123256
123257
123258
123259
123260
123262
123263
123264
123265
123266
123267
123268
123270
123271
123272
123273
123274
123275
123276
123277
123278
123279
123280
123283
123284
123285
123286
123287
123288
123289
123290
123292
123293
123294
123295
123296
123297
123298
123299
123300
123301
123302
123303
123304
123305
123306
123307
123308
123309
123310
123311
123312
123313
123314
123315
123316
123317
123318
123320
123321
123322
123323
123324
123326
123327
123328
123330
123332
123333
123334
123335
123336
123337
123338
123339
123340
123341
123342
123343
123344
123345
123346
123347
123348
123349
123351
123352
123353
123354
123355
123357
123358
123359
123360
123361
123362
123363
123364
123366
123367
123368
123369
123370
123372
123373
123374
123375
123376
123377
123378
123379
123380
123381
123382
123383
123384
123385
123387
123388
123389
123390
123391
123392
123393
123394
123395
123396
123397
123398
123399
123400
123401
123402
123403
123404
123405
123406
123407
123408
123409
123410
123412
123413
123414
123415
123416
123417
123418
123419
123420
123421
123423
123424
123426
123427
123428
123429
123430
123431
123432
123433
123434
123435
123436
123437
123438
123441
123442
123443
123444
123445
123446
123447
123448
123449
123450
123451
123452
123453
123454
123457
123458
123459
123460
123461
123462
123463
123464
123465
123466
123467
123468
123469
123470
123471
123472
123473
123474
123475
123476
123477
123478
123479
123481
123483
123484
123485
123486
123487
123488
123490
123491
123492
123493
123494
123496
123497
123498
123499
123501
123502
123503
123505
123506
123507
123508
123509
123510
123511
123513
123514
123515
123516
123518
123519
123520
123521
123522
123523
123524
123525
123526
123527
123528
123529
123530
123531
123532
123533
123534
123535
123536
123537
123538
123539
123540
123541
123542
123543
123545
123546
123547
123548
123549
123550
123551
123552
123553
123554
123555
123556
123557
123558
123560
123561
123562
123563
123564
123565
123566
123567
123568
123569
123570
123571
123572
123574
123575
123576
123577
123579
123580
123581
123582
123583
123584
123585
123586
123587
123588
123589
123590
123591
123592
123593
123594
123595
123596
123597
123598
123599
123600
123601
123602
123603
123604
123605
123606
123607
123608
123609
123610
123611
123612
123613
123614
123615
123616
123617
123618
123619
123621
123622
123624
123625
123626
123627
123628
123629
123630
123631
123632
123634
123635
123636
123637
123639
123641
123643
123644
123645
123646
123647
123648
123651
123652
123653
123654
123655
123656
123657
123658
123659
123660
123661
123662
123663
123664
123665
123666
123667
123668
123669
123670
123672
123673
123674
123675
123676
123677
123678
123679
123680
123681
123683
123684
123686
123687
123688
123689
123690
123691
123692
123693
123694
123695
123696
123697
123698
123699
123700
123702
123704
123705
123706
123707
123708
123709
123710
123712
123713
123715
123716
123717
123718
123719
123720
123721
123722
123724
123725
123726
123727
123729
123730
123731
123733
123734
123735
123736
123737
123738
123739
123740
123741
123742
123743
123744
123745
123746
123747
123749
123750
123751
123752
123753
123754
123755
123757
123759
123761
123762
123764
123765
123766
123768
123769
123770
123771
123772
123774
123775
123776
123777
123778
123779
123780
123781
123783
123784
123786
123787
123788
123790
123791
123792
123793
123794
123796
123797
123798
123799
123800
123801
123802
123803
123804
123806
123807
123808
123809
123810
123812
123813
123814
123815
123816
123817
123818
123819
123820
123821
123822
123824
123825
123826
123827
123828
123830
123831
123832
123833
123834
123835
123836
123837
123838
123839
123842
123843
123844
123845
123846
123847
123848
123849
123850
123851
123852
123853
123854
123855
123857
123858
123859
123860
123861
123862
123863
123864
123865
123866
123867
123868
123869
123870
123871
123872
123873
123874
123875
123876
123877
123878
123879
123880
123881
123882
123884
123885
123886
123887
123888
123889
123890
123892
123893
123894
123895
123897
123898
123899
123900
123901
123902
123903
123905
123906
123907
123908
123909
123911
123912
123913
123914
123915
123916
123917
123919
123920
123921
123922
123923
123926
123927
123928
123929
123930
123931
123932
123934
123936
123937
123938
123939
123940
123941
123942
123943
123944
123945
123946
123947
123949
123950
123951
123952
123954
123955
123956
123957
123958
123959
123960
123961
123963
123964
123965
123966
123967
123968
123969
123970
123971
123972
123973
123974
123975
123976
123977
123978
123979
123981
123982
123983
123984
123985
123986
123987
123989
123990
123991
123992
123993
123994
123995
123996
123997
123998
124000
124001
124002
124003
124004
124005
124006
124010
124011
124014
124016
124017
124019
124020
124022
124023
124024
124025
124026
124027
124028
124029
124030
124031
124032
124033
124035
124036
124038
124040
124041
124043
124044
124045
124046
124047
124048
124049
124050
124051
124053
124054
124055
124056
124057
124058
124059
124060
124061
124062
124063
124064
124065
124067
124068
124069
124070
124071
124072
124073
124074
124075
124076
124077
124078
124079
124080
124081
124082
124083
124084
124085
124086
124087
124088
124089
124090
124091
124092
124093
124094
124095
124096
124097
124098
124099
124100
124101
124102
124104
124105
124106
124107
124108
124109
124110
124111
124112
124113
124115
124116
124117
124118
124119
124120
124121
124122
124123
124124
124126
124128
124130
124131
124132
124133
124134
124135
124136
124137
124138
124139
124140
124142
124143
124145
124146
124147
124148
124149
124150
124151
124153
124154
124155
124157
124158
124159
124160
124161
124162
124163
124164
124166
124167
124168
124170
124172
124173
124174
124175
124176
124177
124178
124179
124180
124181
124182
124183
124184
124185
124186
124187
124188
124189
124190
124191
124193
124194
124195
124196
124197
124198
124199
124200
124201
124202
124203
124204
124205
124206
124207
124208
124209
124210
124211
124212
124213
124214
124215
124216
124217
124218
124219
124220
124221
124222
124223
124224
124225
124227
124228
124229
124230
124231
124232
124233
124234
124235
124236
124237
124238
124239
124240
124241
124242
124243
124244
124245
124246
124247
124248
124249
124250
124251
124252
124254
124255
124256
124257
124258
124259
124260
124262
124263
124264
124265
124266
124267
124268
124269
124270
124271
124272
124274
124275
124276
124277
124278
124279
124280
124281
124282
124283
124284
124285
124286
124288
124289
124290
124291
124292
124293
124294
124295
124296
124297
124298
124299
124300
124303
124304
124305
124306
124307
124308
124309
124310
124311
124312
124313
124314
124315
124316
124317
124318
124319
124320
124321
124322
124323
124324
124325
124326
124327
124328
124329
124330
124331
124332
124333
124334
124335
124336
124339
124340
124341
124342
124343
124344
124345
124346
124347
124349
124350
124351
124352
124353
124354
124355
124356
124357
124358
124359
124360
124361
124362
124363
124364
124365
124366
124367
124368
124369
124370
124371
124372
124373
124374
124375
124376
124377
124378
124379
124380
124381
124382
124383
124384
124385
124386
124387
124388
124389
124390
124392
124393
124395
124396
124397
124398
124399
124400
124401
124402
124403
124404
124405
124406
124407
124408
124409
124410
124411
124412
124413
124414
124415
124416
124417
124418
124419
124420
124421
124422
124424
124425
124426
124427
124428
124429
124431
124432
124433
124434
124435
124436
124437
124438
124439
124440
124441
124442
124444
124446
124447
124448
124449
124450
124451
124452
124453
124454
124455
124457
124458
124459
124460
124461
124462
124463
124464
124466
124467
124468
124469
124470
124471
124472
124473
124475
124476
124477
124478
124479
124480
124481
124482
124483
124484
124485
124486
124487
124488
124489
124490
124491
124492
124493
124494
124495
124496
124497
124498
124499
124500
124501
124502
124503
124504
124505
124506
124507
124508
124509
124510
124511
124512
124513
124514
124515
124516
124517
124518
124519
124520
124521
124524
124525
124526
124528
124529
124530
124531
124532
124533
124534
124535
124536
124537
124538
124539
124540
124541
124543
124544
124545
124546
124547
124548
124549
124550
124551
124552
124553
124554
124555
124556
124557
124558
124560
124561
124562
124563
124564
124566
124568
124570
124571
124572
124573
124574
124575
124576
124578
124579
124580
124583
124584
124585
124586
124587
124588
124590
124591
124592
124593
124594
124595
124596
124599
124600
124601
124602
124604
124605
124606
124607
124608
124609
124610
124611
124612
124613
124615
124616
124617
124618
124619
124623
124624
124625
124626
124628
124629
124630
124631
124632
124634
124635
124637
124638
124639
124640
124641
124642
124643
124644
124645
124646
124647
124649
124650
124651
124652
124653
124654
124655
124656
124657
124658
124659
124660
124661
124662
124663
124664
124666
124667
124668
124669
124670
124671
124672
124673
124674
124675
124676
124677
124679
124680
124681
124682
124683
124684
124685
124686
124687
124688
124689
124690
124691
124692
124693
124694
124695
124696
124697
124698
124700
124701
124703
124704
124705
124706
124708
124709
124710
124711
124712
124713
124714
124717
124720
124723
124724
124725
124727
124728
124729
124730
124731
124732
124733
124734
124735
124736
124738
124739
124740
124741
124742
124743
124744
124745
124746
124747
124748
124749
124750
124751
124752
124753
124754
124756
124757
124758
124759
124760
124761
124762
124763
124764
124765
124766
124767
124769
124770
124771
124773
124775
124776
124777
124778
124779
124780
124781
124782
124783
124784
124785
124786
124787
124788
124789
124790
124791
124792
124793
124794
124795
124797
124798
124799
124800
124801
124802
124803
124805
124806
124807
124808
124809
124810
124812
124813
124814
124815
124816
124817
124818
124819
124820
124821
124822
124823
124824
124825
124826
124827
124828
124829
124830
124831
124832
124833
124834
124835
124836
124837
124838
124839
124840
124841
124842
124843
124844
124845
124846
124847
124848
124849
124850
124851
124852
124853
124854
124855
124856
124857
124858
124860
124861
124862
124863
124864
124865
124866
124868
124869
124870
124872
124873
124874
124875
124876
124877
124878
124879
124881
124882
124883
124884
124886
124887
124888
124890
124891
124892
124893
124894
124895
124897
124899
124900
124901
124902
124903
124904
124905
124906
124907
124908
124909
124910
124912
124913
124914
600123
600261
600320
600358
600394
600658
601174
601195
601521
601861
601868
601922
602225
602321
602619
602625
602644
602714
602795
602911
603228
603739
603851
603866
603892
604116
604130
604161
604236
604256
604290
604313
604361
604395
604397
604410
604482
604553
604577
604583
604611
604684
604703
604805
604813
604892
605019
605136
605144
605150
605165
605184
605190
605207
605238
605351
605353
605377
605389
605398
605400
605403
605404
605407
605408
605410
605411
605412
605413
605414
605416
605417
605419
605420
605421
605422
605423
605424
605425
605426
605428
605429
605430
605431
605432
605433
605434
605435
605436
605437
605438
605439
605440
605441
605442
605443
605444
605445
605446
605447
605449
605450
605452
605453
605454
605455
605456
605457
605459
605461
605462
605463
605464
605465
605466
605467
605468
605470
605471
605472
605473
605474
605475
605476
605477
605478
605480
605481
605482
605484
605485
605487
605488
605489
605490
605491
605492
605493
605494
605495
605496
605497
605498
605499
605501
605502
605503
605504
605505
605506
605507
605508
605509
605510
605511
605512
605513
605514
605515
605516
605518
605519
605520
605521
605523
605524
605525
605526
605527
605528
605529
605530
605531
605532
605533
605534
605535
605536
605537
605538
605540
605541
605543
605544
605545
605546
605547
605548
605549
605551
605552
605553
605554
605555
605556
605557
605558
605559
605560
605561
605562
605563
605564
605565
605566
605567
605568
605569
605571
605572
605573
605575
605576
605577
605578
605579
605580
605581
605582
605583
605584
605586
605587
605588
605589
605590
605591
605592
605593
605594
605596
605598
605599
605600
605601
605602
605603
605604
605606
605607
605608
605609
605610
605611
605612
605613
605614
605615
605616
605617
605618
605619
605620
605621
605622
605623
605625
605626
605627
605628
605629
605630
605631
605632
605633
605634
605635
605636
605637
605638
605639
605640
605641
605642
605643
605644
605645
605646
605647
605648
605649
605650
605651
605652
605653
605654
605655
605656
605657
605658
605659
605660
605661
605662
605663
605664
605665
605666
605667
605668
605669
605670
605671
605672
605673
605674
605675
605676
605677
605678
605679
605680
605681
605682
605683
605684
605686
605687
605688
605689
605691
605692
605693
605694
605695
605696
605697
605698
605699
605700
605701
605702
605703
605704
605705
605706
605707
605708
605709
605710
605711
605712
605713
605714
605715
605716
605717
605718
605719
605720
605721
605722
605723
605724
605725
605727
605728
605729
605730
605731
605732
605733
605734
605735
605736
605738
605739
605740
605741
605742
605743
605744
605745
605747
605748
605749
605750
605751
605752
605753
605754
605755
605756
605757
605758
605759
605761
605762
605763
605764
605765
605766
605768
605770
605771
605772
605773
605774
605775
605777
605779
605780
605781
605782
605783
605784
605785
605786
605787
605788
605789
605790
605792
605793
605794
605795
605796
605797
605798
605799
605800
605801
605802
605803
605804
605805
605806
605807
605808
605809
605810
605811
605812
605814
605815
605816
605817
605818
605819
605820
605821
605822
605823
605824
605825
605826
605827
605828
605829
605830
605832
605833
605834
605835
605837
605839
605840
605842
605843
605844
605845
605846
605847
605848
605849
605850
605851
605853
605854
605855
605856
605857
605858
605859
605861
605862
605863
605864
605865
605866
605867
605868
605870
605871
605873
605874
605875
605877
605878
605879
605881
605882
605883
605886
605887
605888
605889
605890
605891
605892
605894
605895
605896
605897
605898
605899
605901
605902
605903
605904
605905
605906
605907
605908
605909
605910
605911
605912
605913
605914
605915
605916
605917
605920
605921
605922
605924
605926
605927
605928
605929
605930
605931
605932
605933
605935
605936
605937
605938
605939
605940
605941
605942
605943
605944
605945
605946
605947
605948
605949
605950
605951
605952
605953
605954
605955
605956
605957
605958
605960
605961
605962
605963
605964
605965
605966
605967
605968
605970
605971
605972
605973
605974
605975
605976
605979
605980
605981
605982
605983
605984
605986
605988
605989
605990
605991
605992
605993
605994
605995
605996
605997
605998
606000
606001
606002
606003
606004
606005
606006
606007
606008
606009
606010
606011
606012
606013
606014
606015
606016
606017
606018
606019
606020
606022
606023
606024
606025
606026
606027
606028
606029
606030
606031
606032
606033
606034
606035
606036
606039
606040
606041
606042
606043
606044
606045
606046
606048
606049
606050
606051
606052
606053
606054
606055
606056
606057
606058
606059
606060
606061
606062
606063
606064
606065
606066
606067
606068
606069
606070
606071
606072
606073
606074
606075
606076
606077
606078
606080
606081
606082
606083
606084
606085
606086
606087
606088
606089
606090
606091
606092
606093
606094
606095
606096
606097
606098
606099
606100
606101
606102
606103
606104
606105
606106
606107
606108
606109
606110
606111
606112
606114
606115
606116
606117
606118
606119
606120
606123
606124
606125
606126
606127
606128
606129
606130
606131
606132
606133
606134
606135
606136
606137
606138
606139
606140
606141
606142
606144
606145
606146
606147
606148
606149
606150
606151
606152
606154
606156
606157
606158
606159
606160
606162
606163
606164
606165
606166
606168
606169
606170
606171
606172
606173
606175
606176
606178
606179
606180
606181
606182
606183
606184
606185
606186
606187
606188
606189
606190
606191
606192
606193
606194
606195
606196
606197
606198
606199
606200
606201
606202
606203
606204
606205
606206
606207
606208
606209
606210
606211
606212
606214
606215
606216
606217
606218
606219
606220
606221
606222
606223
606224
606225
606226
606227
606228
606229
606230
606231
606232
606233
606234
606235
606236
606237
606238
606239
606240
606242
606244
606245
606246
606247
606248
606249
606250
606251
606253
606257
606258
606259
606260
606261
606262
606263
606264
606265
606266
606267
606269
606270
606272
606273
606275
606276
606277
606278
606279
606280
606281
606282
606284
606285
606286
606287
606288
606289
606290
606291
606292
606293
606294
606295
606296
606297
606298
606299
606300
606301
606302
606303
606304
606305
606306
606308
606309
606310
606311
606313
606314
606315
606316
606317
606319
606320
606321
606322
606323
606324
606325
606326
606327
606329
606330
606331
606332
606333
606334
606336
606338
606339
606341
606342
606343
606344
606345
606346
606347
606348
606349
606350
606351
606352
606353
606355
606356
606358
606359
606360
606361
606362
606363
606364
606365
606366
606367
606368
606369
606370
606371
606372
606373
606374
606375
606376
606377
606378
606379
606380
606381
606382
606383
606384
606386
606387
606388
606389
606390
606391
606392
606393
606394
606395
606396
606397
606399
606400
606401
606402
606403
606406
606407
606408
606409
606410
606411
606412
606413
606414
606417
606419
606420
606422
606423
606424
606425
606426
606427
606428
606429
606430
606433
606434
606435
606436
606437
606438
606439
606440
606441
606443
606444
606446
606447
606448
606449
606450
606451
606452
606453
606454
606455
606456
606457
606458
606459
606460
606461
606462
606463
606464
606465
606466
606467
606468
606469
606470
606471
606472
606473
606474
606475
606476
606478
606479
606480
606481
606482
606483
606484
606485
606486
606487
606489
606490
606491
606492
606493
606494
606495
606496
606497
606498
606499
606500
606501
606502
606503
606504
606505
606506
606507
606508
606509
606510
606511
606512
606513
606514
606516
606517
606518
606519
606520
606521
606522
606523
606524
606525
606526
606527
606528
606529
606530
606531
606532
606533
606534
606535
606536
606537
606538
606539
606540
606541
606542
606543
606544
606545
606546
606547
606548
606549
606550
606551
606552
606553
606554
606555
606556
606558
606559
606560
606561
606562
606563
606564
606565
606566
606567
606568
606569
606570
606571
606572
606573
606574
606575
606576
606577
606579
606580
606582
606583
606584
606585
606586
606588
606589
606590
606591
606592
606593
606594
606595
606596
606597
606598
606599
606600
606601
606602
606604
606605
606606
606607
606608
606609
606610
606611
606612
606613
606615
606616
606617
606618
606619
606620
606621
606622
606623
606624
606625
606626
606627
606629
606630
606631
606632
606634
606635
606636
606637
606638
606639
606642
606643
606645
606646
606647
606648
606649
606650
606651
606652
606653
606654
606655
606659
606660
606661
606662
606663
606664
606665
606666
606667
606668
606669
606670
606671
606672
606673
606674
606675
606676
606677
606678
606679
606680
606681
606682
606683
606685
606686
606687
606688
606689
606690
606691
606692
606693
606694
606695
606696
606697
606698
606699
606700
606701
606702
606703
606704
606705
606706
606708
606709
606710
606711
606712
606713
606714
606715
606716
606719
606720
606721
606722
606723
606724
606725
606726
606727
606728
606729
606730
606731
606733
606734
606735
606736
606737
606738
606739
606740
606741
606742
606745
606746
606747
606748
606749
606750
606751
606752
606753
606754
606755
606757
606758
606759
606760
606761
606762
606763
606764
606765
606766
606767
606768
606769
606770
606771
606772
606773
606774
606775
606776
606777
606779
606781
606782
606783
606784
606785
606786
606788
606789
606790
606791
606792
606794
606795
606796
606797
606798
606799
606800
606801
606803
606805
606806
606807
606808
606809
606810
606811
606812
606813
606814
606815
606816
606817
606818
606819
606820
606821
606822
606823
606824
606825
606826
606827
606828
606829
606831
606832
606833
606834
606835
606836
606837
606838
606839
606840
606841
606842
606843
606844
606845
606846
606847
606848
606849
606850
606851
606852
606853
606854
606855
606856
606857
606858
606860
606861
606862
606863
606864
606865
606866
606867
606868
606870
606871
606872
606873
606875
606876
606877
606878
606879
606880
606881
606882
606883
606884
606885
606886
606887
606888
606889
606890
606891
606892
606893
606894
606895
606896
606897
606898
606899
606900
606901
606902
606903
606904
606905
606906
606907
606908
606909
606910
606911
606912
606913
606914
606915
606916
606917
606918
606919
606920
606921
606924
606925
606926
606927
606928
700019
700022
700024
800059
800460
800635
800842
801147
801466
801499
801546
801722
801860
801884
801894
801916
801988
802067
802089
802140
802179
802214
802223
802225
802247
802290
802293
802298
802299
802300
802301
802302
802304
802305
802306
802307
802309
802311
802312
802315
802316
802317
802318
802319
802320
802321
802322
802323
802324
802327
802328
802329
802330
802331
802332
802333
802334
802335
802336
802337
802338
802339
802340
802341
802343
802344
802345
802346
802347
802348
802349
802350
802351
802352
802353
802354
802355
802356
802357
802358
802359
802360
802364
802365
802366
802367
802368
802369
802370
802371
802373
802374
802375
802376
802377
802378
802379
802380
802381
802382
802384
802385
802386
802387
802388
802390
802391
802393
802395
802396
802397
802398
802399
802400
802401
802402
802403
802406
802407
802409
802410
802411
802412
802414
802415
802417
802418
802420
802422
802423
802424
802426
802427
802428
802431
802432
802434
802435
802436
802437
802438
802439
802440
802441
802442
802443
802444
802446
802449
802450
802451
802453
802454
802455
802457
802459
802460
802461
802462
802464
802465
802468
802469
802470
802471
802472
802473
802474
802475
802476
802477
802478
802479
802480
802481
802483
802485
802486
802487
802489
802490
802491
802492
802493
802494
802495
802496
802497
802498
802499
802500
802502
802503
802504
802506
802507
802508
802509
802510
802511
802512
802513
802515
802518
802520
802522
802523
802525
802527
802528
802529
802530
802531
802532
802533
802534
802535
802536
802538
802540
802541
802543
802544
802546
802547
802548
802549
802550
802551
802552
802553
802554
802555
802556
802557
802558
802560
802561
802562
802564
802565
802566
802567
802568
802570
802571
802572
802573
802574
802575
802576
802578
802579
802580
802581
802582
802583
802584
802585
802586
802587
802589
802590
802591
802592
802593
802594
802596
802597
802598
802599
802600
802601
802602
802603
802604
802605
802606
802607
802608
802610
802611
802612
802613
802614
802615
802616
802617
802619
802620
802623
802624
802625
802626
802627
802628
802629
802630
802631
802632
802634
802635
802636
802639
802640
802641
802642
802643
802644
802646
802647
802648
802650
802651
802652
802654
802656
802657
802658
802660
802661
802662
802663
802665
802666
802667
802668
802669
802671
802672
802674
802675
802676
802677
802678
802679
802680
802681
802682
802683
802685
802686
802687
802688
802689
802690
802691
802692
802693
802694
802696
802698
802700
802701
802703
802704
802705
802706
802707
802709
802713
802714
802715
802716
802717
802718
802719
802720
802721
802722
802723
802724
802725
802726
802728
802729
802730
802731
802732
802733
802734
802736
802737
802738
802739
802740
802741
802742
802744
802745
802746
802748
802749
802750
802751
802752
802753
802754
802756
802758
802759
802760
802762
802763
802764
802765
802766
802767
802768
802769
802772
802773
802774
802775
802777
802778
802779
802780
802781
802782
802784
802785
802786
802788
802789
802791
802792
802794
802795
802796
802797
802798
802799
802800
802801
802802
802804
802806
802807
802808
802810
802811
802812
802814
802815
802816
802817
802818
802819
802820
802821
802823
802824
802825
802826
802827
802828
802829
802831
802832
802833
802834
802836
802837
802838
802839
802841
802842
802843
802844
802845
802846
802847
802848
802849
802850
802851
802852
802854
802856
802857
802858
802859
802860
802861
802862
802863
802864
802865
802866
802867
802868
802869
802870
802871
802872
802873
802874
802875
802876
802877
802878
802879
802880
802881
802883
802884
802886
802887
802890
802891
802892
802893
802895
