110001
105013
100019
110007
100020
100023
100024
100028
110016
100030
100031
105028
100032
100035
100036
100037
105034
100039
100040
100045
100047
105046
100053
110046
100055
110049
100057
100060
100065
105067
110061
100069
100070
100071
100072
100074
105079
100080
110076
105082
100084
100087
100088
105094
100099
100100
100101
100103
100107
105109
100111
105115
100118
105121
100124
100127
100128
110127
100133
100136
105139
100139
100140
100142
100143
110142
105148
100148
100149
105154
105157
110154
100156
100159
110160
100160
100161
100163
105169
100164
110166
100166
100170
100172
110175
100175
100176
110178
100177
105187
100181
100183
100184
110187
100185
105193
105199
110193
100192
100193
100194
105205
110205
100204
100205
105214
105217
100209
100210
100211
100215
100216
100217
105229
100220
100223
100230
105240
110235
105242
100233
100234
100235
100237
105249
100240
100243
105255
105258
100249
105270
100261
100262
100265
100266
105279
110277
100270
110283
105288
100278
110286
105291
100283
100286
110295
105300
100290
110298
105303
100292
100296
100299
100300
105315
100304
100305
110316
100306
100308
100310
100311
105327
110325
100320
105336
100322
100328
100330
100331
100332
105348
100333
100338
100339
110355
100341
100342
100345
100346
100348
100353
100354
105374
105380
100364
100368
105389
100370
105392
100373
100374
100376
100377
105398
100378
100381
110400
100382
105404
105405
105409
100389
105411
100394
100397
105425
110430
100411
100417
110442
105446
100428
110451
100432
100434
105456
100436
100441
110463
100442
100443
100444
100445
100446
105471
100447
100449
100452
105477
100455
100458
105486
100464
100467
100473
105504
105507
105510
100493
105525
100501
100504
100513
105540
105555
105561
110563
105564
100543
100551
105585
100566
105594
100572
105606
100586
100589
105624
105628
100605
105634
100613
100616
100619
100625
100631
105655
100637
100640
105667
105670
105682
100661
100669
100678
100683
100694
105720
100697
100699
105724
100712
105747
105756
105765
100741
105771
100747
100755
105780
105783
100760
105786
100768
100771
105798
100777
105804
100784
100787
100795
105825
100807
100813
110860
100829
105857
100832
100840
100846
105881
100852
100855
105893
100864
100870
100876
105908
105923
100897
105927
105929
105931
100908
100913
100922
105955
100928
105958
100931
110977
100940
105973
100955
105991
100976
106006
100979
100982
106012
106018
111034
106021
106024
100997
101003
101006
101009
101016
101025
106060
106069
101042
101051
101053
101058
106093
101065
111127
106114
111131
101087
106117
101090
111139
111143
101108
101111
111159
111163
111166
106153
106156
111172
106160
111175
106162
111178
111181
101137
106172
111187
101143
111190
111193
111196
101155
111199
106186
111202
111205
106194
111208
106196
111211
101170
111214
106204
111217
101177
111220
111223
111226
101186
111229
111232
101192
106224
111235
101195
111238
111241
111244
106236
111247
111250
101210
111253
106245
111256
106248
101219
111259
106251
111262
111265
101228
111268
101231
111271
111274
101237
111277
101240
106272
111280
106275
111283
101246
111286
111289
106284
111292
101255
101258
111295
111298
111301
111307
106302
101273
111310
111313
111316
111319
111322
111325
111328
106326
101297
111331
111334
101303
106335
101306
111340
111343
111346
101315
106350
111355
101324
111358
106356
111361
101330
101333
111367
111370
106368
111373
101342
111376
111379
101348
111382
101351
111385
101354
111388
111391
106392
111394
101363
111397
111400
111403
111406
111409
111412
106414
111415
111418
111421
101393
111424
111427
101399
111430
106435
101402
111433
101405
111436
101408
111442
101414
111445
106450
111448
111451
106459
111454
101429
111457
106465
111460
111463
111466
101441
111469
101444
111472
111475
111478
106486
111481
111484
111487
101462
111490
111493
111496
106507
111499
106510
101477
111502
106513
111505
101483
111508
111511
111514
106525
111517
111520
111523
111526
111529
111532
106546
111535
111538
111541
101522
111544
111547
111550
111553
111556
111559
101543
111562
111565
111568
101552
111571
111574
111577
111580
111583
111586
111589
111592
111595
111598
111601
111604
111607
111610
111613
101600
111616
111619
111622
111625
111628
101618
111631
101621
111634
101624
111637
106663
111640
111643
111646
111649
111652
101642
111655
111658
111661
101654
111664
106693
111667
111670
101663
111673
111676
111679
111682
111685
101678
106717
111688
101681
111691
101684
111694
111697
101690
111700
111703
111706
111709
111712
111715
111718
111721
111724
111727
101725
111730
101729
111734
111737
101733
111740
111743
101741
111746
111748
111751
111754
101753
111757
106795
111761
111763
101761
111766
111768
111771
101769
111773
111776
111780
111783
111786
111788
111791
111794
111796
111799
106840
111804
111805
111807
111810
111814
111819
106864
111822
111825
101829
111828
111831
101835
111834
106882
101843
111840
111841
106888
111844
111847
111850
106897
111853
101859
111856
101863
111859
101867
111865
111866
111870
111871
111874
106924
101883
111877
111878
106927
111880
111881
111883
106933
111885
111887
101895
111889
111891
101899
106942
111893
101901
111895
101905
111899
106951
101909
111902
101911
111904
111906
106957
101915
111909
111911
111913
101923
111919
111922
111925
106978
111927
111929
111932
111934
101947
111936
111938
106993
111940
111943
111945
111947
101963
111949
107005
111951
111954
107011
111957
111959
101975
111964
111965
111967
111969
101987
107029
111972
107032
111974
101995
111978
111979
111981
107047
111987
111989
111991
107056
111997
112000
102022
112003
102026
112006
107068
107071
112009
102033
107074
112015
107077
102037
112018
112021
107083
112024
112027
107089
112030
107092
112032
107095
112034
112036
107098
102061
112038
112040
112044
107107
112046
102070
107110
112048
102073
107113
112051
112055
112058
102085
112061
107125
112064
107128
112067
112070
102097
112073
112075
112079
107143
112082
102109
112085
102112
112088
112090
107155
102118
112094
102124
112098
112100
107170
112105
112107
107173
112109
112112
107179
102142
112115
107185
112121
107188
112124
112128
107197
112133
107200
102165
112136
107203
112138
112140
102171
107209
102183
102198
102201
107230
107233
107239
102213
102216
107245
102222
102225
102228
107272
107275
107278
102255
107290
102264
107293
107296
102273
102276
107308
102285
102288
107317
107320
102295
107326
102300
107329
102309
107338
107341
102315
102318
107347
107353
102330
107356
102333
102336
107362
107365
107368
102343
102351
107386
107389
107395
102371
107416
107419
107425
107431
107452
107455
107458
102436
107461
102448
107473
107479
107491
102475
107500
102479
107503
107506
107515
107518
107527
107536
107539
102520
107542
110013
107557
110019
110022
107566
110028
107575
110037
110043
107584
110052
107593
107602
110070
107614
107620
110085
110088
110091
110094
107638
102625
110103
107644
110106
107647
110109
107650
110112
107653
110118
107659
110121
107665
107668
110133
107677
107680
107683
110145
110151
107692
110157
107698
110163
102690
107707
110169
107713
102701
110181
107722
110184
110190
102717
107734
110199
110202
107743
107746
110208
107749
110211
110214
110217
110220
102749
107767
110226
110229
107773
110232
110238
102768
107782
110241
107785
110244
110247
102776
107791
110250
110253
110256
102788
110259
110262
102792
110265
102796
107812
110268
102800
110271
102804
110274
107821
110280
107827
102816
107830
110289
102820
110292
102824
107842
102828
107845
110301
110304
102836
110307
102840
110310
107857
110313
102844
102848
110319
110322
107869
102856
110328
102860
110331
107878
110334
110337
110340
110343
107890
102876
110346
107893
110349
110352
102884
107899
102888
110358
102892
110361
107908
110364
110367
110370
102904
110373
107920
110376
107923
110379
107929
110382
110385
102921
110388
107938
110391
102927
107941
110397
102933
107950
110403
107953
110406
102942
110409
107959
110412
110415
110418
107968
110421
110424
110427
110433
107986
110436
102975
110439
107995
110445
110448
102987
108001
108004
110454
110457
108010
110460
110466
110469
108022
110472
110475
110478
110481
110484
108040
110487
110490
103032
108046
110493
108049
110496
110499
110502
110505
110508
110511
110514
108073
110517
110520
108079
110523
110526
108085
110529
110532
110535
110538
110541
110544
108106
110554
110557
108118
110560
110566
108127
110569
108130
110572
110575
108136
110578
103131
110581
108145
110584
108148
110587
110590
103146
110593
108157
110596
110599
110602
108166
110605
110608
110611
108175
110614
110617
103175
110620
110623
110626
110629
110632
108199
110635
110638
110641
110644
110647
110650
108217
110653
108220
110656
110659
110662
108232
110665
108235
110668
110671
103234
108241
110674
108244
110677
110680
103245
110683
110686
110689
110692
110695
103263
108271
110698
110701
110704
110707
103278
110710
108289
110713
110716
110719
110722
108301
110725
110728
110731
103302
110734
110737
108316
110740
103314
110743
103317
110746
110749
110752
110755
108337
110758
108340
110761
110764
110767
103341
108349
110770
108352
110773
108355
110776
103350
110779
110782
110785
108367
103362
110788
108370
110791
110794
110797
103374
110800
108382
103377
110803
110806
103383
110809
110812
110815
108400
110818
103398
110821
110824
108409
103404
110827
103407
110830
110833
103413
110836
110839
110842
110845
110848
108436
103428
110851
110854
110857
108445
110863
108451
110866
103446
110869
108457
103449
110872
110875
103455
108466
110878
110881
108472
110884
103464
110887
108478
110890
110893
108484
103476
110896
108487
103479
110899
108490
110902
110905
108496
110908
110911
108505
110914
110917
110920
110923
110926
108521
110929
103515
110932
103521
110935
108533
110938
110941
103530
110944
110947
110950
103542
110953
108548
110956
108551
110959
108554
110962
103554
110965
108560
110968
110971
110974
108572
110980
110983
110986
103578
110989
108585
110992
110995
108592
103590
110998
111001
111004
103596
108600
111007
111010
111013
111016
108612
111019
103611
111022
111025
103617
111028
103620
111031
108628
111037
103632
111040
111043
111046
111049
111052
103647
111055
103650
111058
111061
111064
103662
108668
111067
111070
111073
103671
111076
103674
108680
111079
108684
111082
111085
111088
103686
111091
108696
103692
111095
108700
103695
111099
111103
111107
103707
108716
111111
103713
108720
111115
108724
111119
111123
108732
103728
108740
111135
111147
111151
103752
108760
111155
108764
103764
108772
103767
111169
103769
103773
103782
111184
108792
103790
108800
108804
108808
103808
103811
108824
103820
103823
103826
103829
103832
108840
103835
108844
103838
108852
108868
108872
108880
108884
103880
108888
103883
103895
103898
111304
103904
108912
108916
103916
108928
103925
108932
111337
111349
103946
111352
108956
103952
108964
111364
103967
108976
108980
108984
108988
103982
103985
108996
103991
103994
104000
109008
109016
109020
104015
104018
104021
109029
111439
104032
104035
109058
109062
104058
109070
109074
104078
109090
104086
109093
104090
104093
109114
104123
109138
109141
104138
109147
109150
109156
104153
109159
109161
109164
109175
109178
104180
104186
104189
104192
109199
109205
104204
109211
104208
109214
109226
104232
109250
109259
109262
104260
109271
109274
104272
109277
109283
104280
104284
109289
104288
109292
109295
104294
104300
109307
104309
104312
109319
104318
104321
104324
104327
109337
109343
104342
104345
109349
109352
104357
109367
109376
109382
104381
104384
111816
109398
104396
104405
104411
104415
109422
109430
109442
109446
104443
104447
104474
104486
109491
104490
111916
109495
104498
104506
109515
109519
104518
109523
104522
109527
111962
109539
104542
109547
109551
111984
104566
111994
104570
109575
112012
109591
104590
104594
109599
109607
104606
109615
104614
112042
109623
104623
109631
104638
104641
109647
109651
104659
109663
104665
104683
109687
104689
104704
109715
104716
104719
104737
104743
109752
104749
109761
104764
109770
104767
104770
109776
109782
104779
109794
104791
109797
104806
109821
104815
109827
109848
104845
109863
109866
104860
109872
104869
104872
109887
109890
104884
109893
104887
104896
109917
109920
104911
109923
109929
104926
109935
109941
104938
109947
104941
109956
104953
104956
109974
104977
104980
104983
104986
104992
105001
104998
105007
105010
100001
100005
105019
100012
100016
100017
100018
105031
100022
100025
105037
100026
100027
105040
105043
100033
100038
105052
100041
100042
105055
100043
100044
105058
100048
105061
100049
100050
100051
100052
100054
100056
100058
105073
100061
105076
100062
100063
100064
100066
100068
110025
105088
100073
100075
100076
100077
100079
105097
100082
105100
100086
105103
100089
105106
100090
100091
100094
100095
100096
100097
110055
100098
105118
100102
100104
105124
100105
100106
105127
100108
100109
105130
100110
100114
100115
100116
100117
100119
100120
100121
100122
100123
100125
100126
105151
100129
100131
100132
110097
100135
100141
105166
100145
100146
105172
100147
110115
100150
100151
105178
100152
100153
100154
100155
100157
100158
100162
100165
100167
100168
100169
100171
105202
100173
100174
100178
100179
105211
100182
100186
100187
100188
100189
100190
100191
100195
100196
100199
100200
105235
100201
100203
105238
100206
100207
100208
105246
100213
100214
100218
100221
100222
100224
105261
100225
105264
100228
100229
100231
100232
105273
100238
105276
100242
100244
105282
100246
100247
100248
100250
100251
100253
100255
100256
100257
100258
100259
100260
105306
105309
100268
100269
100275
100277
100279
100280
100282
100284
105330
100287
100288
105333
100289
100291
100293
100294
105339
100295
105342
100297
100298
105345
100301
100302
105354
100309
100312
100313
100314
100315
105363
100316
100317
100318
105366
100319
105368
100321
105371
100323
100324
100326
105377
100329
100335
100336
105386
100340
100343
100344
100349
100350
100351
100352
100355
105407
100356
100357
100358
100359
105413
100361
100363
105416
100365
100366
100367
100369
100371
100372
105428
100375
105431
100380
100383
105437
100385
105440
100386
100387
100388
100391
100392
100393
100395
100396
100398
100399
100400
100401
100402
100403
100404
100407
100408
100409
105468
100410
100412
100413
100414
105474
100415
100418
100419
100420
100421
105483
100422
100423
100424
100425
100426
105489
100427
105492
100430
100431
100433
100435
100437
100438
100439
100440
100448
105513
105516
105528
105531
100470
105534
100476
105543
100482
105546
100485
105549
100488
105558
100498
105570
100507
105573
100510
100521
105588
100524
105591
100529
105600
100535
105603
105609
100548
105615
100554
100557
105626
100560
105630
100563
105632
100569
100576
105646
100580
105649
100583
100598
105676
105683
100622
105692
105695
100628
105698
100634
105710
100645
100648
100651
105722
100658
100665
100674
105753
100691
105768
100700
100702
105774
100704
100706
100709
100715
105789
100719
100724
100726
105801
100729
105807
100737
100744
100750
105827
100753
105833
100758
100765
105848
105851
100774
100782
105860
100790
105869
100792
100798
100801
100804
100810
105890
100823
105905
100826
100837
105920
100843
100849
105937
100860
100873
100879
105964
100882
100885
100888
100891
105976
100894
100899
105988
100902
100905
100910
106000
106003
100916
100919
100925
100937
100943
108193
100949
100958
100961
100967
100970
100973
100985
100991
101000
101014
101020
101031
101040
101063
101066
101067
101080
101082
101084
101093
101096
101099
101102
101105
101114
101117
101120
101123
101126
101130
101140
101149
101152
101158
101161
101164
101167
101183
101189
101198
101201
101207
101213
101216
101222
101225
101243
101249
101252
101264
101267
101270
101276
101279
101282
101285
101288
101291
101294
101300
101309
101312
101318
101321
101336
101339
101345
101357
101360
101366
101369
101372
101375
101378
101381
101384
101387
106036
101396
106045
101411
106057
101417
106063
101420
101423
101426
106072
101435
101438
106087
101450
101453
101456
101459
101465
106111
101471
106126
101486
101489
101492
106141
101498
106147
101504
101507
101513
106180
106182
101537
106190
106192
106200
106202
101558
101564
106215
101570
101579
106233
101594
101597
101615
106281
101630
101633
106293
101639
101648
101651
106308
106311
101660
106317
106320
101675
106329
101687
106341
101696
101700
106362
101713
106365
101721
106377
101737
106395
101745
101749
106411
101773
106423
101777
101781
101785
101789
106444
101793
106453
101801
101809
101813
106471
101821
106495
106498
101847
106504
101851
101855
101871
101875
101879
101887
101919
101927
101931
101935
101943
101951
101955
101959
101967
101971
101979
106633
101983
101991
101999
102003
102010
102014
102018
102045
102049
102052
102055
102058
102064
102067
102076
102082
102091
102094
102100
102106
102115
102121
102130
102139
102148
102151
102162
102174
102192
102195
102204
102210
102219
102234
102237
102240
106903
102249
106906
102252
106912
102261
106918
102267
102270
102279
102282
106939
102290
102297
106954
102303
106963
102312
106969
106972
102321
102324
106990
102339
102345
106999
102347
102349
102355
102357
107026
102377
102389
107050
107053
107065
107086
102425
107101
107104
102452
107134
107149
102487
107158
102491
107182
102516
107215
107218
107224
107227
107236
107248
107251
107257
102581
107263
107269
107314
107323
107335
107344
107359
102674
107371
102678
102682
107377
102686
102705
107401
102709
107410
107413
102733
107434
107437
107440
102745
102757
107467
107476
107485
107497
102812
107521
102832
107533
107545
107548
107551
107578
107587
107599
102912
102915
102918
107611
107617
107623
102939
107632
102948
107635
102954
102957
102963
102972
102981
107686
102990
107695
102996
102999
107701
103005
107710
103008
107716
103014
103017
107725
103023
103035
107752
103047
107755
103050
107758
103053
107761
103059
107770
103065
107776
103074
107788
103077
107797
107800
103089
107806
103095
103101
103113
103119
107839
107848
107854
103134
103149
107872
103152
107875
103155
103164
107887
103170
107902
103178
103181
103186
107914
103192
103198
103201
107935
107944
103213
103216
107956
103222
103225
103228
103231
107971
103240
103242
107983
107989
107998
103269
108013
103275
108016
103281
103284
108025
108028
108031
103296
103299
103305
108043
103308
108055
103320
103323
108064
103326
108067
103329
108070
103344
108091
103353
108094
103356
108100
108103
103365
103371
108112
108115
103386
103392
108133
103401
108142
103410
103416
103419
108160
108163
103422
103425
103434
108178
103437
103440
108184
108190
103452
103458
108202
108205
108208
103470
108214
103482
108223
103485
103488
103491
103500
108250
103503
108256
103509
108259
103512
108262
108265
103518
103524
108274
103527
108277
108280
103536
108283
103539
108292
108295
103551
103557
108304
103560
108307
103563
108310
103566
108313
103569
108319
103575
108325
108331
103593
108343
103602
103605
108358
108361
108373
103626
108376
103629
103635
108385
108388
103641
108391
108394
103656
108403
103659
108406
103665
108415
108418
103677
108421
103683
108430
108433
103698
108439
108442
108448
103719
103722
108463
108469
103731
103734
108475
103740
108481
103743
103746
108493
108502
103761
108511
108515
103776
108518
103779
108524
108527
103796
108539
103799
108542
103802
103805
103814
108557
103817
108563
108566
108569
108575
108578
103847
103853
108588
103859
108596
103862
103865
103871
108608
103877
108616
108620
103886
108624
103889
103892
108632
103901
108636
108640
103913
108648
103919
108652
108656
108660
108664
103937
108672
108676
103949
108688
103964
108692
103970
108704
103976
103979
108708
108712
108728
104003
108736
104009
104012
108744
108748
108752
108756
104038
104042
108768
104046
104050
104054
108780
108784
104062
108788
104066
108796
104082
108812
108820
104102
108828
104105
108832
104108
104111
108836
104120
108848
104129
108856
108860
104135
108864
104141
104145
108876
104149
104156
108892
104162
108896
104165
108900
104171
108904
104174
108908
104177
104183
108920
108924
104200
108936
108940
108944
104216
108948
104224
108952
104228
108960
104236
108968
104240
108972
104252
104256
108992
109000
109012
104297
104303
109024
104315
109034
109038
109042
104333
104339
109050
109054
104348
109066
104363
104366
109078
109081
104369
109084
104372
109099
104387
104390
109105
104393
109108
104399
104402
109120
109123
109126
104419
109129
104431
109144
104435
104439
109166
109169
104464
109181
109190
109193
104482
109196
104502
109220
104514
109235
104526
104534
109253
104546
104550
109265
109268
104554
104562
109286
109298
104582
109304
104586
109313
104598
109322
109328
104610
109334
104617
104626
104629
109358
109361
104644
104647
104653
104656
104662
109390
104668
104674
104677
109406
104680
109414
104686
104695
104698
104701
109438
104713
104728
109463
104734
109467
104740
109471
109475
104752
104755
109483
104758
104773
109499
109503
104782
104788
104797
104800
109531
104812
104818
104821
109555
104827
109563
104833
109567
104836
109571
104842
109583
104851
104854
104857
104866
104881
109619
104890
104893
109635
104902
109639
104905
104914
109655
104920
104923
109667
104935
109675
104950
104959
109699
104968
109707
109723
109731
100004
100006
109737
100009
100010
109740
109743
109767
109773
109785
109791
109803
109806
109812
109836
109842
109851
109854
109857
109869
109881
109884
109899
109902
109905
109908
109911
109926
109938
109944
109953
109959
109962
109965
109968
109977
109980
109983
109986
109992
109995
109998
105160
105175
105237
105252
105321
101046
101069
101078
105383
105401
101134
105465
105519
101261
105643
105661
105673
105689
105726
105738
105750
101432
105762
105777
105795
101495
105830
105845
105854
105887
105917
105934
105946
105961
105979
101645
105994
106039
106051
106084
106108
106150
106168
106188
106198
106221
106230
106242
106266
106278
106299
102006
106399
106405
106417
102088
106438
106483
106492
106501
106537
102231
106660
106666
106726
102507
106858
106891
106930
106981
107035
102784
107140
102908
102924
102951
102969
107302
102993
103044
107392
103128
107605
103266
107674
103380
107824
103587
108082
103841
108286
108298
104117
104306
104602
104620
104722
104761
104776
109153
109340
109379
109402
109434
109627
109695
109727
109779
109833
109845
109860
109875
109989
100003
100007
100008
100011
110004
110010
105025
110031
105049
110034
110040
105064
110058
110064
110067
110073
110079
110082
105112
110100
105133
105145
110124
110130
110136
110139
110148
105181
105184
105190
110172
105208
110196
105223
110223
105267
105285
105312
105357
105360
110394
105419
105453
105462
100867
105480
105501
110547
110551
105537
105567
105579
105582
105597
105612
105637
105658
105686
105701
105713
105735
105741
105792
105810
105839
105842
105902
105925
105940
101390
105967
101468
106030
106066
106081
106090
106099
106105
101582
106123
106135
106164
106176
106209
106218
101693
106239
106257
106287
106296
106305
106314
106338
106353
101825
106371
106383
106396
106432
106441
106468
106474
106480
106516
106531
102029
106549
106579
102103
106603
106612
102127
106624
102154
106642
106648
106651
102168
106654
106672
106681
106687
106696
106699
106705
106708
106720
106741
102292
106756
106771
106774
106780
102341
106786
102369
106810
102391
106834
106846
102428
106861
102440
106876
106915
106945
106960
106975
106987
106996
107002
107014
107017
107020
107023
107038
107041
107044
107080
107116
107122
107146
107152
102694
107161
107167
107176
107191
102725
107212
107221
102761
107242
107260
107266
107281
107332
107350
107374
102896
107398
107404
107443
107449
102978
107464
107488
107509
107524
107530
103068
107554
107563
107572
107581
103107
107590
103143
107626
103158
107641
107656
107671
103189
103204
107689
107704
103219
103248
103251
107740
107764
103290
107779
107794
103311
107803
107809
107815
103332
107818
103347
107833
107851
107866
103395
107881
107896
107917
103443
107932
107947
107962
107977
107992
103533
108007
103548
108019
108034
108037
103572
108052
108058
108061
103608
108076
103623
103653
103668
103680
103701
108097
103716
108109
103725
103737
108139
103758
108154
108169
103787
108181
108196
108211
108229
108238
103874
108268
103907
103928
103931
103940
108328
103961
108364
108397
108412
108424
104096
104099
104126
104248
104264
104268
104276
104291
104336
104351
104378
104408
104451
104494
104510
104530
104558
104578
104635
104650
109087
109096
104671
109102
109111
104692
109117
104707
109132
104710
109135
109172
109187
109202
104785
109208
104794
109217
109223
104809
109232
109238
104824
109241
109247
104839
109256
104863
109280
104878
109301
109310
104899
109316
109325
104917
109331
104932
104947
109364
109370
109373
104962
104965
104974
109394
104989
104995
109410
109418
109426
109450
109455
109487
109511
109535
109543
109559
109579
109587
109595
109603
109611
109643
109659
109671
109679
109683
109691
109703
109711
109719
109734
109746
109749
109755
109758
109764
109788
109800
109809
109815
109818
109824
109830
109839
109878
109896
109914
109932
109950
109971
