150032
150166
130032
130044
130116
130154
130166
120220
130230
130289
130329
130349
130377
130492
130510
130539
130555
130587
130614
130647
130665
130904
131001
121130
131655
121574
131670
131733
131817
131829
121782
131848
131860
121807
121831
131908
131931
121916
132050
132171
132215
132239
132271
132325
132394
132442
122418
132454
132484
122474
122492
122510
132580
122608
132686
132704
132728
132740
100153
122789
100169
100174
122813
100181
122837
132813
116891
122861
132828
116909
116927
116945
122933
122958
132923
100688
132994
133101
117435
133115
133130
117518
133168
117548
117609
133232
133305
133329
133605
133618
118191
103391
133686
133716
133728
133827
133879
133903
118676
134078
105392
105402
134136
134176
134188
134254
134564
134604
124715
134778
119642
134945
135070
125162
125212
135162
125262
125313
125363
135360
135705
135709
135713
135855
135857
135861
135867
135871
135875
125913
125951
126007
136080
126045
136089
126083
136169
126121
126159
126197
136282
126235
126273
136372
126313
136444
126352
136483
126390
126426
126463
136571
126499
126535
136643
126553
136690
136698
136833
136839
136988
137023
137075
137103
137250
137392
137436
137444
137605
137629
137640
137650
137670
137713
137747
137764
137833
137839
137876
137899
137934
137935
127696
137943
137946
137947
137954
137972
137975
137983
138022
138061
138147
138172
138216
138228
138234
138264
138291
138308
138340
138356
138363
138369
138393
138399
138414
138468
138480
138504
138536
138577
128538
128557
138704
128576
128595
128615
128634
138782
128654
128674
138810
138833
138975
139048
139109
139156
139169
129129
139205
139356
139466
139625
139666
139699
139717
139738
139791
129744
129783
139846
129813
139878
139902
129906
129925
139981
139985
129943
129969
129995
130152
130206
130212
130244
130295
100074
100075
100077
130385
100081
130404
130408
100116
100121
100122
130448
100129
130456
100143
100157
130515
130523
120497
100176
120522
120534
100190
130575
130579
130585
100200
120562
100207
100214
100216
100217
100218
100219
100228
120600
130661
100336
120630
100368
120650
130703
100448
100464
120665
120668
100512
130723
100528
120674
120675
130737
120683
120684
120691
100608
120696
120697
120699
130784
100720
100736
100768
120750
100800
130822
120766
120768
100878
130847
120781
120787
100940
130863
120789
130866
120793
101048
120806
101064
120818
101194
120836
130920
101216
120842
130934
120849
101342
101353
130952
130954
120896
130995
131011
120916
101637
120928
120933
120936
101743
120940
101755
120944
131068
120951
120956
120960
101877
120965
131095
120974
131115
102077
131147
121008
121021
131176
121023
131186
131188
102236
121047
121048
121050
121055
121059
131248
121077
121081
121086
121092
121101
121140
121141
121150
102846
121158
102886
102900
121208
131426
121220
121223
121224
121233
103201
121243
131475
103211
121251
121254
103221
103231
121271
121272
121277
103321
103361
121315
121341
121351
121353
121362
121371
121389
121392
131637
103801
121411
121418
121426
121427
131668
131679
121463
121469
121474
131709
121483
131722
121499
121509
121511
121519
131754
121533
121538
121557
121561
131782
131788
121569
131799
121585
121591
121599
131826
121609
121616
121618
121628
121645
121666
121695
121699
121701
121702
121704
121708
121710
121714
121716
121718
121724
131983
121740
121752
121754
121768
121778
121789
121793
121797
121805
132062
121823
121825
121829
121835
105793
121843
121849
121851
121859
132112
121869
105860
105880
121877
121883
121884
121892
121894
105930
121898
121900
121902
121909
105960
121918
121921
121925
121935
106098
121961
106104
121963
121965
121967
121973
121975
121981
132243
121985
121993
121999
122003
106293
122011
122021
132289
122023
132291
122027
122029
122035
122037
122041
122043
122051
122061
122069
122071
122077
140028
122083
122085
122087
122091
122097
122099
122103
122105
122109
122111
122119
122127
122129
122153
122155
122157
115849
122185
132470
122201
122205
122211
122215
122217
122231
122237
122265
122279
