000001
000002
000004
000005
000006
000007
000009
000010
000011
000012
000013
000014
000015
000016
000017
000019
000020
000021
000022
000023
000024
000026
000027
000028
000029
000030
000031
000032
000033
000035
000036
000037
000038
000039
000040
000041
000042
000043
000044
000045
000048
000049
000050
000054
000055
000056
000057
000058
000059
000060
000061
000062
000063
000064
000065
000067
000072
000073
000074
000075
000076
000077
000078
000079
000080
000081
000082
000083
000084
000085
000086
100001
100002
100009
100011
100012
100015
100018
100019
100023
100025
100026
100027
100030
100031
100033
100034
100035
100038
100039
100041
100042
100045
100046
100047
100050
100058
100060
100061
100062
100063
100064
100066
100067
100069
100070
100071
100072
100074
100075
100078
100079
100080
100083
100085
100086
100087
100088
100089
100090
100091
100092
100093
100094
100095
100096
100097
100098
100099
100100
100102
100103
100105
100106
100107
100109
100110
100111
100112
100114
100115
100116
100119
100120
100121
100123
100124
100125
100127
100128
100129
100130
100132
100133
100134
100135
100136
100137
100138
100139
100140
100141
100142
100143
100144
100145
100146
100147
100149
100150
100151
100152
100154
100155
100156
100157
100158
100159
100160
100161
100162
100163
100164
100166
100167
100168
100170
100171
100172
100173
100174
100175
100176
100177
100180
100181
100182
100183
100184
100185
100186
100187
100188
100189
100190
100191
100193
100194
100195
100196
100197
100198
100199
100201
100202
100203
100206
100207
100208
100209
100210
100211
100212
100214
100215
100216
100217
100219
100220
100221
100222
100223
100224
100226
100227
100228
100230
100231
100232
100233
100235
100236
100237
100239
100240
100241
100242
100244
100245
100246
100248
100249
100250
100251
100252
100253
100254
100255
100257
100258
100259
100261
100262
100263
100264
100265
100266
100267
100268
100270
100271
100272
100275
100276
100277
100278
100279
100280
100281
100284
100285
100286
100287
100288
100289
100290
100291
100292
100293
100294
100296
100297
100298
100299
100300
100301
100302
100303
100304
100305
100306
100307
100309
100310
100311
100312
100313
100314
100315
100317
100318
100319
100320
100322
100323
100324
100325
100326
100327
100328
100329
100331
100332
100333
100334
100335
100336
100337
100338
100339
100340
100341
100342
100345
100346
100347
100348
100349
100350
100351
100352
100353
100354
100355
100356
100357
100358
100359
100360
100361
100362
100363
100364
100365
100366
100367
100368
100369
100370
100371
100372
100373
100375
100376
100377
100379
100380
100381
100382
100383
100384
100385
100386
100387
100388
100389
100390
100392
100393
100394
100395
100396
100397
100398
100400
100401
100402
100403
100405
100407
100409
100410
100411
100416
100421
100422
100423
100424
100425
100426
100428
100429
100433
100434
100437
100443
100444
100445
100446
100447
100448
100449
100450
100452
100453
100454
100456
100457
100458
100459
100460
100461
100463
100464
100465
100466
100467
100469
100470
100471
100472
100473
100475
100476
100477
100478
100479
100481
100482
100483
100484
100485
100486
100487
100488
100489
100490
100491
100493
100494
100495
100496
100497
100499
100500
100501
100502
100504
100505
100506
100507
100508
100509
100511
100512
100513
100514
100517
100518
100519
100520
100521
100523
100524
100525
100526
100527
100529
100530
100531
100532
100534
100535
100536
100537
100538
100540
100541
100542
100543
100544
100545
100547
100548
100549
100550
100551
100553
100554
100555
100556
100559
100560
100561
100562
100565
100566
100567
100568
100569
100572
100573
100574
100575
100578
100579
100580
100581
100582
100584
100585
100586
100587
100588
100590
100591
100592
100593
100594
100595
100596
100597
100598
100599
100602
100603
100604
100605
100607
100608
100609
100610
100611
100613
100614
100615
100616
100617
100618
100619
100620
100621
100622
100623
100625
100626
100627
100628
100629
100630
100631
100632
100633
100634
100635
100637
100638
100639
100640
100641
100642
100644
100645
100646
100647
100648
100650
100651
100652
100653
100654
100655
100656
100657
100658
100659
100660
100663
100664
100665
100666
100667
100668
100669
100670
100671
100672
100673
100674
100675
100676
100677
100678
100680
100681
100682
100683
100684
100686
100687
100688
100689
100690
100691
100692
100693
100694
100695
100696
100699
100700
100701
100702
100706
100707
100708
100709
100711
100712
100713
100714
100715
100718
100719
100720
100721
100724
100725
100726
100727
100730
100731
100732
100733
100736
100737
100738
100739
100741
100743
100745
100746
100748
100749
100750
100751
100752
100754
100755
100756
100757
100758
100761
100762
100763
100764
100767
100768
100769
100770
100771
100773
100774
100775
100776
100777
100778
100780
100781
100782
100783
100784
100785
100786
100787
100788
100789
100792
100793
100794
100795
100797
100798
100799
100800
100801
100802
100804
100805
100806
100807
100810
100811
100812
100813
100814
100815
100816
100817
100818
100819
100820
100821
100822
100823
100824
100825
100826
100827
100828
100829
100830
100831
100832
100833
100835
100836
100837
100838
100840
100841
100842
100843
100844
100846
100848
100849
100850
100851
100853
100854
100855
100856
100857
100858
100859
100860
100861
100862
100863
100864
100865
100866
100867
100868
100869
100870
100871
100872
100873
100874
100875
100876
100877
100878
100879
100880
100881
100883
100885
100886
100888
100889
100890
100891
100892
100898
100899
100900
100901
100903
100904
100905
100906
100907
100910
100911
100912
100913
100914
100915
100916
100917
100918
100919
100920
100922
100923
100924
100925
100926
100928
100930
100931
100932
100933
100936
100937
100938
100939
100942
100943
100944
100945
100946
100947
100948
100949
100950
100951
100952
100953
100954
100955
100956
100957
100958
100960
100961
100962
100963
100964
100965
100966
100967
100968
100969
100970
100971
100972
100973
100974
100975
100976
100977
100978
100979
100980
100981
100982
100983
100984
100985
100986
100987
100988
100989
100991
100992
100993
100994
100995
100998
100999
101000
101001
101003
101004
101005
101006
101007
101008
101009
101010
101011
101012
101013
101014
101015
101016
101017
101018
101019
101020
101021
101022
101023
101024
101025
101026
101027
101028
101029
101030
101031
101032
101033
101034
101036
101037
101038
101039
101040
101041
101042
101043
101044
101045
101048
101049
101050
101051
101052
101054
101056
101057
101058
101059
101060
101061
101062
101063
101064
101065
101068
101069
101070
101071
101072
101074
101075
101076
101077
101080
101081
101082
101083
101084
101086
101087
101088
101089
101090
101092
101094
101095
101096
101097
101098
101099
101100
101101
101102
101103
101105
101106
101107
101108
101109
101110
101112
101113
101114
101115
101116
101118
101119
101120
101121
101124
101125
101126
101127
101128
101130
101131
101132
101133
101134
101135
101136
101138
101139
101140
101141
101142
101144
101145
101146
101147
101148
101150
101151
101152
101153
101154
101156
101157
101158
101159
101160
101161
101162
101163
101164
101165
101166
101168
101169
101170
101171
101172
101173
101174
101176
101177
101178
101179
101182
101183
101184
101185
101186
101188
101189
101190
101191
101193
101194
101195
101196
101197
101198
101199
101200
101201
101202
101203
101204
101206
101207
101208
101209
101212
101213
101214
101215
101216
101217
101218
101219
101220
101221
101222
101223
101226
101227
101228
101229
101230
101232
101233
101234
101235
101238
101239
101240
101241
101242
101243
101244
101245
101246
101247
101248
101249
101250
101251
101252
101253
101254
101255
101256
101257
101258
101259
101260
101261
101262
101263
101264
101265
101266
101267
101268
101269
101270
101271
101272
101273
101275
101276
101277
101278
101279
101281
101282
101283
101284
101285
101286
101288
101289
101290
101291
101292
101294
101295
101296
101297
101298
101299
101302
101303
101304
101305
101308
101309
101310
101311
101312
101313
101314
101315
101316
101317
101320
101321
101322
101323
101326
101327
101328
101329
101330
101331
101332
101333
101334
101335
101336
101337
101339
101340
101341
101342
101343
101344
101345
101346
101347
101348
101349
101352
101353
101354
101355
101357
101358
101359
101360
101361
101362
101364
101365
101366
101367
101368
101369
101370
101371
101372
101373
101374
101375
101376
101377
101378
101379
101380
101381
101382
101384
101385
101386
101387
101388
101389
101390
101391
101392
101393
101395
101396
101397
101398
101399
101400
101401
101402
101403
101404
101405
101406
101407
101408
101409
101410
101411
101412
101413
101414
101415
101416
101417
101418
101419
101421
101422
101423
101424
101425
101426
101427
101428
101429
101430
101431
101434
101435
101436
101437
101440
101441
101442
101443
101445
101446
101447
101448
101449
101450
101451
101452
101453
101454
101455
101456
101457
101459
101460
101461
101462
101463
101464
101465
101466
101467
101468
101469
101471
101472
101473
101474
101475
101477
101478
101479
101480
101481
101484
101485
101486
101487
101488
101489
101490
101491
101492
101493
101495
101496
101497
101498
101499
101500
101501
101502
101503
101504
101505
101506
101507
101509
101510
101511
101512
101513
101514
101516
101517
101518
101519
101520
101521
101522
101523
101524
101525
101527
101528
101529
101530
101531
101533
101534
101535
101536
101537
101538
101539
101540
101541
101542
101543
101544
101545
101547
101548
101549
101550
101551
101554
101555
101556
101557
101560
101561
101562
101563
101566
101567
101568
101569
101570
101571
101572
101573
101574
101575
101579
101580
101581
101582
101585
101586
101587
101588
101589
101591
101592
101593
101594
101595
101596
101598
101599
101600
101601
101602
101603
101604
101605
101606
101607
101608
101609
101610
101611
101612
101613
101614
101615
101616
101617
101618
101619
101620
101621
101622
101623
101624
101625
101626
101627
101628
101629
101630
101631
101632
101633
101634
101635
101636
101637
101638
101639
101640
101641
101642
101643
101644
101645
101648
101649
101650
101654
101655
101656
101657
101659
101660
101661
101662
101663
101666
101667
101668
101669
101670
101673
101674
101675
101676
101677
101678
101679
101680
101681
101682
101683
101686
101687
101688
101689
101690
101691
101692
101693
101694
101698
101699
101700
101701
101702
101703
101704
101705
101706
101707
101708
101710
101711
101712
101713
101714
101715
101716
101717
101718
101719
101720
101721
101724
101725
101726
101727
101729
101730
101731
101732
101733
101734
101735
101736
101737
101738
101739
101742
101743
101744
101745
101746
101747
101748
101749
101750
101751
101752
101753
101755
101756
101757
101758
101759
101760
101761
101762
101763
101764
101765
101766
101767
101769
101770
101771
101773
101774
101775
101776
101777
101780
101781
101782
101783
101785
101786
101787
101788
101789
101790
101792
101793
101794
101795
101796
101797
101799
101800
101801
101802
101805
101806
101807
101808
101809
101812
101813
101814
101815
101816
101817
101818
101819
101820
101821
101822
101824
101825
101826
101827
101828
101830
101831
101832
101833
101834
101835
101836
101837
101838
101839
101840
101842
101843
101844
101845
101847
101848
101849
101850
101851
101852
101853
101856
101857
101858
101859
101860
101863
101864
101865
101866
101869
101870
101871
101872
101874
101875
101876
101877
101878
101879
101880
101881
101882
101883
101884
101885
101886
101887
101888
101889
101890
101891
101892
101893
101894
101895
101896
101897
101898
101901
101902
101903
101904
101905
101906
101907
101908
101909
101910
101911
101912
101913
101914
101915
101916
101919
101920
101921
101922
101923
101924
101925
101926
101927
101928
101929
101930
101931
101932
101933
101934
101935
101936
101938
101939
101940
101941
101942
101943
101945
101946
101947
101948
101951
101952
101953
101954
101955
101956
101957
101958
101959
101960
101961
101962
101963
101964
101965
101966
101967
101969
101970
101971
101972
101973
101975
101976
101977
101978
101979
101982
101983
101984
101985
101986
101987
101988
101989
101990
101991
101992
101994
101995
101996
101997
101999
102000
102001
102002
102003
102004
102005
102006
102007
102008
102009
102010
102011
102012
102013
102014
102015
102016
102017
102018
102019
102020
102021
102022
102023
102025
102026
102027
102028
102029
102030
102032
102033
102034
102036
102039
102040
102041
102042
102043
102044
102045
102046
102047
102048
102051
102052
102053
102054
102055
102057
102058
102059
102060
102061
102062
102063
102064
102065
102066
102067
102068
102069
102070
102071
102073
102074
102075
102077
102078
102079
102080
102081
102082
102083
102084
102085
102086
102088
102089
102090
102091
102092
102093
102095
102096
102097
102098
102099
102101
102102
102103
102104
102105
102106
102108
102109
102110
102111
102112
102113
102114
102115
102116
102117
102118
102119
102120
102122
102123
102124
102125
102127
102128
102129
102130
102131
102132
102133
102134
102135
102136
102137
102138
102139
102140
102141
102142
102143
102144
102145
102147
102148
102149
102150
102151
102152
102153
102154
102155
102156
102157
102160
102161
102162
102163
102166
102167
102168
102169
102170
102171
102172
102173
102174
102175
102176
102177
102178
102179
102180
102181
102182
102183
102185
102186
102187
102188
102189
102190
102191
102192
102193
102194
102195
102196
102198
102199
102200
102201
102202
102203
102205
102206
102208
102209
102210
102211
102212
102213
102214
102215
102216
102217
102218
102219
102220
102221
102222
102224
102225
102226
102227
102230
102231
102232
102233
102234
102235
102237
102238
102239
102240
102241
102242
102243
102244
102245
102246
102249
102250
102251
102252
102253
102254
102256
102257
102258
102259
102263
102265
102266
102269
102270
102271
102272
102274
102275
102276
102277
102278
102279
102280
102281
102282
102283
102284
102285
102286
102287
102288
102289
102290
102291
102292
102293
102295
102296
102297
102298
102299
102300
102301
102302
102303
102304
102305
102306
102307
102308
102309
102310
102313
102314
102315
102316
102317
102318
102319
102320
102321
102322
102323
102324
102326
102327
102328
102329
102330
102332
102333
102334
102335
102336
102337
102339
102340
102341
102342
102343
102345
102346
102347
102348
102350
102351
102352
102353
102354
102355
102356
102358
102359
102360
102361
102362
102364
102365
102366
102367
102368
102369
102371
102372
102373
102374
102375
102377
102378
102379
102380
102382
102383
102384
102385
102386
102387
102388
102389
102390
102391
102392
102393
102394
102395
102396
102397
102398
102399
102400
102401
102402
102403
102404
102405
102406
102407
102409
102410
102411
102412
102413
102414
102416
102417
102418
102419
102420
102422
102423
102424
102425
102426
102427
102428
102429
102430
102431
102432
102435
102436
102437
102438
102439
102440
102441
102442
102443
102444
102445
102447
102448
102449
102450
102451
102452
102454
102455
102456
102457
102460
102461
102462
102463
102467
102468
102469
102470
102473
102474
102475
102476
102477
102479
102480
102481
102482
102483
102485
102486
102487
102488
102489
102491
102492
102493
102494
102495
102496
102497
102499
102500
102501
102502
102505
102506
102507
102508
102509
102510
102511
102512
102513
102514
102515
102517
102518
102519
102520
102521
102522
102523
102524
102525
102526
102527
102528
102529
102530
102531
102532
102533
102534
102535
102536
102537
102538
102539
102540
102542
102543
102544
102545
102546
102547
102549
102550
102551
102552
102553
102554
102555
102556
102558
102559
102560
102561
102563
102564
102565
102566
102568
102569
102570
102571
102572
102573
102575
102576
102577
102578
102580
102581
102582
102583
102584
102585
102586
102587
102588
102589
102590
102591
102592
102593
102595
102596
102597
102598
102599
102601
102602
102603
102604
102605
102606
102607
102608
102609
102610
102611
102612
102613
102614
102615
102616
102617
102619
102620
102621
102622
102623
102624
102627
102628
102629
102630
102631
102633
102634
102635
102636
102637
102638
102639
102640
102641
102642
102645
102646
102647
102648
102649
102651
102652
102653
102654
102655
102656
102657
102658
102659
102660
102661
102662
102663
102664
102665
102666
102667
102668
102669
102670
102671
102672
102673
102674
102675
102676
102677
102678
102679
102680
102681
102683
102684
102685
102686
102687
102691
102692
102693
102694
102696
102697
102698
102699
102700
102701
102702
102703
102704
102705
102706
102708
102709
102710
102711
102712
102713
102714
102715
102716
102717
102718
102719
102721
102722
102723
102724
102725
102726
102727
102728
102729
102730
102731
102732
102733
102735
102736
102737
102738
102741
102742
102743
102744
102745
102747
102748
102749
102750
102754
102755
102756
102757
102759
102760
102761
102762
102763
102764
102766
102767
102768
102769
102770
102771
102773
102774
102775
102776
102778
102779
102780
102781
102782
102783
102784
102786
102787
102788
102789
102790
102792
102793
102794
102795
102796
102797
102798
102799
102800
102801
102802
102803
102805
102806
102807
102808
102809
102812
102813
102814
102815
102817
102818
102819
102820
102821
102824
102825
102826
102827
102828
102829
102830
102831
102832
102833
102834
102837
102838
102839
102840
102842
102843
102844
102845
102846
102847
102848
102849
102850
102851
102852
102853
102856
102857
102858
102859
102860
102861
102862
102863
102864
102865
102866
102867
102868
102869
102870
102871
102872
102873
102875
102876
102877
102878
102879
102880
102882
102883
102884
102885
102886
102888
102889
102890
102891
102892
102894
102895
102896
102897
102898
102902
102903
102904
102905
102906
102907
102908
102909
102910
102911
102912
102913
102914
102915
102916
102917
102920
102921
102922
102923
102926
102927
102928
102929
102930
102931
102932
102933
102934
102935
102936
102937
102938
102939
102940
102941
102942
102943
102944
102946
102947
102948
102949
102950
102952
102953
102954
102955
102956
102958
102960
102961
102963
102964
102965
102966
102967
102968
102971
102972
102973
102974
102975
102978
102979
102980
102981
102982
102983
102984
102985
102986
102987
102988
102990
102991
102992
102993
102994
102995
102996
102998
102999
103000
103001
103002
103003
103004
103005
103006
103007
103008
103009
103010
103011
103012
103013
103016
103017
103018
103019
103020
103021
103022
103023
103024
103025
103026
103028
103029
103030
103031
103032
103033
103034
103035
103036
103037
103038
103039
103040
103041
103042
103043
103044
103045
103047
103048
103049
103050
103051
103052
103053
103054
103055
103056
103057
103058
103059
103060
103061
103062
103063
103064
103065
103067
103068
103069
103070
103071
103072
103073
103074
103075
103076
103077
103078
103079
103080
103081
103082
103083
103084
103085
103086
103087
103088
103089
103090
103091
103092
103093
103094
103095
103096
103097
103098
103099
103100
103101
103102
103103
103105
103106
103107
103108
103109
103111
103112
103113
103114
103115
103116
103117
103118
103119
103120
103121
103122
103124
103125
103126
103127
103128
103129
103130
103131
103132
103133
103134
103135
103136
103137
103138
103139
103140
103141
103142
103144
103145
103146
103147
103148
103149
103150
103151
103152
103153
103154
103155
103156
103157
103158
103159
103162
103163
103164
103165
103166
103167
103168
103169
103170
103171
103172
103173
103174
103175
103176
103177
103178
103181
103182
103183
103184
103186
103187
103188
103189
103190
103191
103193
103194
103195
103196
103197
103200
103201
103202
103203
103204
103205
103206
103207
103208
103209
103212
103213
103214
103215
103216
103217
103218
103219
103220
103221
103222
103223
103224
103225
103226
103227
103228
103229
103230
103232
103233
103234
103235
103237
103238
103239
103240
103241
103242
103244
103245
103246
103247
103248
103250
103251
103252
103253
103254
103255
103256
103257
103258
103259
103260
103262
103263
103264
103265
103266
103271
103272
103273
103277
103278
103279
103280
103282
103283
103284
103285
103286
103287
103289
103290
103291
103292
103293
103295
103296
103297
103298
103301
103302
103303
103304
103305
103306
103308
103309
103310
103311
103314
103315
103316
103317
103320
103321
103322
103323
103326
103328
103329
103330
103332
103334
103335
103336
103337
103340
103341
103342
103343
103346
103347
103348
103349
103352
103353
103354
103355
103356
103357
103358
103359
103360
103361
103362
103363
103364
103365
103366
103367
103368
103369
103371
103372
103373
103374
103377
103378
103379
103380
103383
103384
103385
103386
103387
103391
103392
103393
103394
103397
103398
103399
103400
103402
103403
103404
103405
103406
103408
103409
103410
103411
103412
103413
103414
103415
103416
103417
103418
103419
103422
103423
103424
103425
103428
103429
103430
103431
103432
103433
103434
103435
103436
103437
103438
103439
103440
103441
103442
103443
103444
103445
103446
103448
103449
103450
103451
103452
103453
103454
103455
103456
103457
103458
103459
103460
103461
103462
103463
103464
103466
103467
103468
103469
103470
103472
103473
103474
103475
103476
103477
103478
103479
103480
103481
103482
103483
103485
103486
103487
103488
103489
103490
103491
103492
103493
103494
103497
103498
103499
103500
103501
103503
103504
103505
103506
103507
103508
103510
103511
103512
103513
103514
103515
103516
103517
103518
103519
103520
103523
103524
103525
103526
103529
103530
103531
103532
103533
103534
103535
103536
103537
103538
103539
103540
103542
103543
103544
103545
103546
103548
103549
103550
103551
103552
103554
103555
103556
103557
103558
103560
103561
103562
103563
103564
103565
103566
103568
103569
103570
103571
103573
103574
103575
103576
103577
103578
103579
103580
103581
103582
103583
103584
103585
103586
103587
103588
103589
103590
103591
103592
103593
103594
103595
103596
103599
103600
103601
103602
103603
103604
103605
103606
103607
103608
103610
103611
103612
103613
103614
103615
103616
103618
103619
103620
103621
103622
103623
103624
103625
103626
103627
103628
103629
103631
103632
103633
103634
103635
103636
103637
103638
103639
103640
103641
103642
103643
103644
103645
103646
103647
103648
103649
103650
103651
103652
103653
103655
103656
103657
103658
103659
103662
103663
103664
103665
103668
103669
103670
103671
103673
103674
103675
103676
103677
103678
103679
103680
103681
103682
103683
103684
103685
103687
103688
103689
103690
103691
103692
103693
103694
103695
103696
103697
103698
103700
103701
103702
103703
103705
103706
103707
103708
103709
103710
103711
103712
103713
103714
103715
103716
103717
103718
103719
103720
103721
103722
103723
103724
103725
103726
103727
103728
103730
103731
103732
103733
103734
103735
103736
103737
103738
103739
103740
103741
103742
103744
103745
103746
103747
103749
103750
103751
103752
103753
103754
103755
103757
103758
103759
103760
103763
103764
103765
103766
103769
103770
103771
103772
103773
103774
103775
103776
103777
103778
103779
103780
103781
103782
103783
103784
103785
103786
103787
103789
103790
103791
103792
103794
103795
103796
103797
103798
103799
103800
103801
103802
103803
103804
103805
103807
103808
103809
103810
103811
103812
103813
103814
103815
103816
103817
103818
103820
103821
103822
103823
103824
103825
103826
103827
103828
103829
103830
103832
103833
103834
103835
103836
103837
103838
103839
103840
103841
103842
103843
103844
103845
103846
103847
103848
103849
103850
103852
103853
103854
103855
103856
103857
103858
103859
103860
103861
103862
103863
103864
103865
103866
103867
103868
103869
103870
103871
103872
103873
103874
103875
103876
103877
103878
103879
103880
103881
103883
103884
103885
103886
103887
103889
103890
103891
103892
103893
103894
103895
103896
103897
103898
103899
103902
103903
103904
103905
103906
103907
103908
103909
103910
103911
103912
103915
103916
103917
103918
103919
103921
103922
103923
103924
103925
103926
103927
103928
103929
103930
103931
103933
103934
103935
103936
103938
103939
103940
103941
103942
103943
103944
103945
103946
103947
103948
103949
103950
103951
103952
103953
103954
103955
103956
103957
103958
103959
103960
103961
103963
103964
103965
103966
103967
103969
103970
103971
103972
103974
103976
103977
103978
103979
103981
103982
103983
103984
103985
103986
103987
103988
103989
103990
103991
103992
103994
104006
104011
104012
104013
104015
104016
104017
104020
104021
104023
104024
104025
104027
104028
104029
104031
104032
104033
104034
104036
104037
104038
104040
104041
104042
104045
104046
104048
104049
104050
104051
104052
104053
104054
104055
104057
104058
104059
104060
104061
104062
104063
104065
104066
104067
104068
104069
104070
104071
104072
104073
104074
104075
104076
104077
104078
104079
104080
104081
104082
104083
104084
104085
104086
104087
104088
104089
104090
104091
104092
104093
104094
104095
104096
104098
104099
104100
104102
104103
104104
104107
104108
104109
104111
104112
104113
104114
104115
104116
104117
104118
104119
104120
104121
104122
104123
104124
104125
104127
104128
104129
104130
104131
104132
104133
104134
104135
104136
104137
104138
104139
104140
104141
104142
104145
104146
104148
104149
104150
104151
104152
104153
104154
104155
104156
104157
104158
104159
104160
104161
104162
104163
104165
104166
104167
104168
104170
104171
104173
104174
104175
104177
104178
104179
104182
104183
104184
104186
104187
104188
104190
104191
104192
104193
104194
104195
104196
104197
104198
104199
104200
104201
104202
104203
104204
104205
104207
104208
104209
104210
104211
104212
104213
104215
104216
104217
104220
104221
104223
104224
104225
104227
104228
104229
104232
104233
104234
104236
104237
104238
104239
104240
104241
104242
104245
104246
104247
104248
104249
104250
104251
104252
104253
104254
104257
104258
104259
104261
104262
104263
104264
104265
104266
104267
104269
104270
104271
104272
104273
104274
104275
104277
104278
104279
104282
104283
104284
104286
104287
104288
104290
104291
104292
104293
104295
104296
104298
104299
104300
104301
104302
104303
104304
104306
104307
104308
104309
104310
104311
104312
104313
104314
104315
104316
104317
104318
104320
104321
104323
104324
104325
104326
104327
104328
104329
104330
104332
104333
104334
104336
104337
104338
104340
104341
104342
104345
104346
104348
104349
104350
104352
104353
104354
104356
104357
104358
104359
104361
104362
104363
104365
104366
104367
104370
104371
104373
104374
104375
104377
104378
104379
104382
104383
104384
104386
104387
104388
104390
104391
104392
104395
104396
104398
104399
104400
104402
104403
104404
104407
104408
104409
104411
104412
104413
104415
104416
104417
104419
104420
104421
104423
104424
104425
104426
104427
104428
104429
104432
104433
104434
104436
104437
104438
104440
104441
104442
104443
104445
104446
104447
104448
104449
104450
104452
104453
104454
104457
104458
104459
104460
104461
104462
104463
104465
104466
104467
104470
104471
104472
104473
104474
104475
104476
104477
104478
104479
104480
104481
104482
104483
104484
104485
104486
104487
104488
104489
104490
104491
104492
104493
104494
104495
104496
104497
104498
104499
104500
104501
104502
104503
104504
104505
104506
104507
104508
104509
104510
104511
104512
104513
104514
104515
104516
104517
104518
104519
104520
104521
104522
104523
104524
104525
104526
104527
104528
104529
104530
104531
104532
104533
104534
104536
104537
104538
104540
104541
104542
104544
104545
104546
104547
104548
104549
104550
104551
104552
104553
104554
104555
104556
104557
104558
104559
104560
104561
104562
104563
104564
104565
104566
104567
104568
104569
104570
104571
104572
104573
104574
104593
104594
104595
104596
104598
104599
104600
104603
104604
104605
104606
104607
104608
104609
104610
104613
104614
104615
104618
104619
104620
104622
104623
104624
104625
104628
104629
104630
104632
104633
104634
104635
104636
104637
104638
104639
104640
104643
104644
104645
104646
104647
104649
104650
104651
104654
104655
104656
104658
104659
104660
104661
104664
104665
104666
104667
104669
104670
104671
104673
104674
104675
104676
104679
104680
104681
104683
104684
104685
104686
104689
104690
104691
104694
104695
104696
104697
104700
104701
104702
104705
104706
104707
104709
104710
104711
104712
104714
104715
104716
104717
104718
104719
104720
104721
104722
104723
104725
104726
104727
104730
104731
104732
104734
104735
104736
104737
104740
104741
104742
104745
104746
104747
104748
104751
104752
104753
104756
104757
104758
104759
104760
104761
104762
104763
104764
104766
104767
104768
104771
104772
104773
104774
104775
104776
104777
104778
104781
104782
104783
104784
104785
104786
104787
104788
104791
104792
104793
104796
104797
104798
104799
104802
104803
104804
104807
104808
104809
104810
104811
104812
104813
104814
104815
104817
104818
104819
104822
104823
104824
104825
104827
104828
104829
104832
104833
104834
104836
104837
104838
104839
104842
104843
104844
104847
104848
104849
104850
104853
104854
104855
104856
104858
104859
104860
104862
104863
104864
104865
104868
104869
104870
104873
104874
104875
104878
104879
104880
104883
104884
104885
104887
104888
104889
104890
104893
104894
104895
104896
104898
104899
104900
104901
104904
104905
104906
104909
104910
104911
104913
104914
104915
104916
104918
104919
104920
104921
104924
104925
104926
104929
104930
104931
104934
104935
104936
104937
104938
104939
104940
104941
104942
104943
104944
104945
104946
104947
104948
104949
104950
104951
104952
104953
104954
104955
104956
104957
104958
104959
104960
104961
104962
104963
104964
104965
104966
104967
104968
104969
104970
104971
104972
104973
104974
104975
104976
104977
104978
104979
104980
104981
104982
104983
104984
104985
104986
104987
104988
104989
104990
104991
104992
104993
104994
104995
104996
104997
104998
104999
105000
105001
105002
105003
105004
105005
105006
105007
105008
105009
105010
105011
105012
105013
105014
105015
105016
105017
105018
105019
105020
105021
105022
105023
105024
105025
105026
105027
105028
105029
105030
105031
105032
105033
105035
105036
105037
105038
105039
105040
105041
105042
105043
105044
105045
105046
105047
105048
105051
105052
105053
105054
105055
105056
105057
105058
105059
105060
105061
105062
105063
105064
105065
105066
105067
105068
105069
105070
105071
105072
105073
105074
105075
105076
105077
105078
105079
105080
105081
105082
105083
105084
105085
105086
105087
105088
105089
105090
105091
105092
105093
105094
105095
105097
105098
105099
105100
105101
105102
105103
105104
105105
105106
105107
105108
105109
105110
105111
105112
105113
105114
105115
105116
105117
105118
105119
105120
105121
105122
105123
105124
105125
105126
105127
105128
105129
105130
105131
105133
105134
105135
105136
105137
105138
105139
105140
105141
105142
105143
105144
105145
105146
105147
105148
105149
105150
105151
105152
105153
105154
105155
105156
105157
105158
105159
105160
105161
105162
105164
105165
105166
105167
105168
105169
105170
105171
105172
105173
105174
105175
105176
105177
105178
105179
105180
105181
105182
105183
105184
105185
105186
105187
105188
105189
105190
105191
105192
105193
105194
105195
105196
105197
105198
105199
105200
105201
105202
105203
105204
105205
105206
105207
105209
105210
105211
105212
105213
105214
105215
105216
105217
105218
105219
105220
105221
105222
105223
105225
105226
105227
105229
105230
105231
105232
105233
105234
105235
105236
105237
105238
105239
105240
105241
105242
105243
105244
105245
105246
105247
105248
105249
105250
105251
105252
105253
105254
105255
105256
105257
105258
105260
105261
105262
105263
105264
105265
105266
105267
105268
105269
105270
105271
105272
105273
105274
105275
105276
105277
105278
105279
105280
105281
105282
105283
105285
105286
105287
105288
105289
105290
105291
105292
105293
105294
105295
105296
105297
105298
105299
105300
105301
105302
105303
105304
105305
105306
105307
105308
105309
105310
105311
105312
105313
105314
105315
105316
105317
105318
105319
105320
105321
105322
105323
105324
105325
105326
105327
105328
105329
105331
105332
105333
105334
105335
105336
105337
105338
105339
105341
105342
105343
105344
105346
105347
105348
105349
105351
105352
105353
105354
105356
105357
105358
105359
105360
105361
105362
105363
105364
105365
105366
105367
105368
105369
105370
105372
105373
105374
105375
105376
105377
105378
105379
105380
105381
105382
105383
105384
105385
105388
105389
105390
105391
105392
105393
105394
105395
105397
105398
105399
105400
105401
105402
105403
105404
105405
105406
105407
105408
105409
105410
105411
105412
105413
105414
105415
105416
105417
105418
105419
105420
105421
105422
105423
105424
105425
105426
105427
105428
105429
105430
105431
105432
105433
105434
105435
105436
105437
105438
105439
105440
105441
105442
105443
105444
105445
105446
105448
105449
105450
105451
105452
105453
105454
105455
105456
105457
105458
105459
105460
105461
105462
105463
105464
105465
105466
105467
105468
105469
105470
105471
105472
105473
105474
105475
105476
105477
105478
105480
105481
105482
105483
105484
105485
105486
105487
105488
105489
105490
105491
105492
105493
105494
105495
105496
105497
105498
105501
105502
105503
105504
105505
105506
105507
105508
105510
105511
105512
105513
105514
105515
105516
105517
105518
105519
105520
105521
105522
105523
105524
105525
105526
105527
105528
105529
105530
105531
105532
105533
105534
105535
105536
105537
105538
105540
105541
105542
105545
105546
105547
105549
105550
105551
105552
105555
105556
105557
105560
105561
105562
105564
105565
105566
105567
105570
105571
105572
105573
105575
105576
105577
105580
105581
105582
105585
105586
105587
105590
105591
105592
105594
105595
105596
105598
105599
105600
105601
105604
105605
105606
105609
105610
105611
105612
105614
105615
105616
105618
105619
105620
105621
105623
105624
105625
105626
105629
105630
105631
105634
105635
105636
105638
105639
105640
105641
105642
105644
105645
105646
105649
105650
105651
105652
105653
105654
105655
105656
105658
105659
105660
105663
105664
105665
105668
105669
105670
105671
105673
105674
105675
105678
105679
105680
105681
105682
105683
105684
105685
105688
105689
105690
105693
105694
105695
105698
105699
105700
105703
105704
105705
105707
105708
105709
105710
105711
105712
105713
105714
105715
105717
105718
105719
105720
105722
105723
105724
105727
105728
105729
105730
105731
105732
105733
105734
105737
105738
105739
105741
105742
105743
105744
105745
105747
105748
105749
105752
105753
105754
105755
105757
105758
105759
105761
105762
105763
105764
105767
105768
105769
105770
105771
105772
105773
105776
105777
105778
105780
105781
105782
105783
105786
105787
105788
105791
105792
105793
105796
105797
105798
105800
105801
105802
105803
105806
105807
105808
105811
105812
105813
105816
105817
105818
105821
105822
105823
105825
105826
105827
105828
105829
105830
105831
105832
105834
105835
105836
105837
105840
105841
105842
105844
105845
105846
105847
105848
105849
105850
105851
105852
105854
105855
105856
105857
105858
105859
105860
105861
105862
105863
105864
105865
105866
105867
105868
105870
105871
105872
105873
105874
105875
105876
105877
105878
105879
105880
105881
105882
105883
105884
105885
105886
105887
105888
105889
105890
105891
105892
105893
105894
105895
105896
105897
105898
105899
105900
105901
105902
105904
105905
105906
105907
105908
105909
105910
105911
105912
105913
105914
105915
105916
105917
105918
105919
105920
105921
105922
105923
105924
105925
105926
105927
105928
105929
105930
105931
105932
105933
105934
105935
105936
105937
105938
105939
105940
105941
105942
105943
105944
105945
105946
105949
105950
105951
105952
105953
105954
105955
105956
105957
105958
105959
105960
105961
105962
105963
105964
105965
105966
105967
105968
105969
105970
105971
105972
105973
105974
105975
105977
105978
105979
105980
105981
105982
105983
105984
105985
105986
105987
105988
105989
105990
105991
105992
105993
105994
105995
106000
106001
106002
106003
106004
106007
106008
106009
106010
106011
106012
106013
106014
106015
106016
106017
106018
106019
106020
106021
106022
106023
106024
106025
106026
106027
106028
106029
106030
106031
106032
106033
106034
106035
106036
106037
106038
106039
106040
106041
106042
106043
106044
106045
106046
106047
106048
106049
106050
106051
106052
106053
106054
106055
106056
106057
106058
106059
106060
106061
106062
106063
106064
106065
106066
106067
106068
106069
106070
106071
106072
106073
106074
106075
106076
106077
106078
106079
106080
106081
106082
106083
106084
106085
106086
106087
106088
106089
106090
106091
106092
106093
106094
106095
106096
106097
106098
106099
106100
106101
106102
106103
106104
106105
106106
106107
106108
106109
106110
106111
106112
106113
106114
106115
106116
106117
106118
106119
106120
106121
106122
106123
106124
106125
106126
106128
106130
106133
106134
106136
106138
106139
106142
106144
106145
106146
106147
106148
106149
106150
106151
106152
106155
106157
106158
106159
106160
106162
106163
106165
106166
106167
106168
106169
106170
106171
106172
106173
106174
106175
106176
106177
106178
106179
106180
106181
106182
106183
106184
106185
106186
106187
106189
106216
106226
106227
106228
106229
106232
106233
106234
106237
106238
106239
106242
106243
106244
106247
106248
106249
106250
106253
106254
106255
106258
106259
106260
106263
106264
106265
106268
106269
106270
106273
106274
106275
106276
106278
106279
106280
106281
106282
106283
106284
106285
106286
106287
106289
106290
106291
106292
106293
106294
106295
106296
106297
106298
106299
106300
106301
106302
106303
106305
106306
106307
106309
106310
106311
106312
106315
106316
106317
106318
106319
106320
106321
106322
106323
106324
106325
106326
106327
106328
106329
106330
106331
106332
106333
106334
106335
106336
106337
106338
106339
106341
106342
106343
106346
106347
106348
106349
106353
106354
106355
106356
106358
106359
106360
106361
106363
106364
106365
106367
106368
106369
106370
106373
106374
106375
106376
106378
106379
106380
106381
106384
106385
106386
106389
106390
106391
106394
106395
106396
106398
106399
106400
106401
106402
106404
106405
106406
106407
106408
106410
106411
106412
106414
106415
106416
106417
106418
106420
106421
106422
106425
106426
106427
106428
106431
106432
106433
106435
106436
106437
106438
106439
106441
106442
106443
106446
106447
106448
106449
106450
106451
106452
106453
106454
106455
106456
106457
106458
106459
106460
106461
106462
106463
106464
106465
106466
106467
106468
106469
106470
106472
106473
106474
106477
106478
106479
106480
106481
106482
106483
106484
106485
106486
106487
106488
106489
106490
106491
106492
106493
106494
106495
106496
106497
106498
106499
106500
106501
106502
106503
106504
106505
106506
106507
106508
106509
106510
106511
106512
106513
106514
106515
106516
106517
106518
106519
106520
106521
106522
106523
106525
106526
106527
106528
106529
106530
106531
106532
106533
106534
106535
106536
106537
106538
106539
106540
106541
106542
106543
106544
106545
106546
106547
106548
106549
106550
106551
106552
106553
106554
106555
106556
106557
106558
106559
106560
106561
106562
106563
106564
106565
106566
106567
106568
106569
106570
106571
106572
106573
106574
106575
106577
106578
106579
106582
106583
106584
106585
106588
106589
106590
106593
106594
106595
106598
106599
106600
106601
106602
106603
106604
106605
106606
106607
106608
106609
106610
106611
106612
106613
106614
106615
106616
106617
106618
106619
106620
106621
106622
106623
106624
106625
106626
106628
106629
106630
106631
106632
106634
106635
106636
106637
106639
106640
106641
106642
106643
106644
106645
106646
106647
106648
106653
106657
106662
106665
106666
106668
106672
106673
106675
106678
106680
106682
106683
106684
106685
106686
106687
106688
106689
106690
106691
106692
106693
106694
106695
106696
106697
106700
106701
106702
106703
106704
106705
106707
106709
106710
106711
106713
106714
106715
106716
106717
106718
106719
106720
106721
106726
106751
106753
106755
106774
106775
106776
106777
106778
106779
106780
106781
106782
106783
106785
106786
106787
106788
106789
106790
106791
106792
106793
106794
106795
106796
106797
106798
106799
106800
106801
106803
106806
106810
106811
106814
106815
106816
106817
106818
106819
106820
106822
106823
106824
106825
106826
106827
106828
106829
106830
106831
106832
106833
106834
106836
106838
106839
106840
106841
106842
106843
106844
106845
106846
106847
106848
106849
106850
106851
106852
106853
106854
106855
106856
106857
106858
106859
106860
106861
106862
106863
106864
106865
106866
106867
106868
106869
106870
106871
106872
106873
106874
106875
106876
106877
106878
106879
106880
106882
106883
106884
106885
106886
106887
106888
106889
106890
106891
106892
106893
106894
106895
106896
106897
106898
106899
106900
106902
106904
106905
106906
106907
106909
106911
106913
106915
106916
106918
106920
106922
106924
106925
106927
106929
106932
106934
106935
106937
106939
106941
106942
106943
106944
106945
106946
106947
106948
106949
106950
106951
106952
106953
106954
106955
106956
106957
106958
106960
106961
106962
106963
106964
106965
106966
106967
106968
106969
106970
106971
106972
106973
106974
106975
106976
106977
106978
106979
106980
106981
106982
106983
106984
106985
106986
106987
106988
106989
106990
106991
106992
106993
106994
106995
106996
106997
106999
107000
107001
107002
107003
107004
107005
107006
107007
107008
107009
107010
107011
107012
107013
107015
107016
107017
107018
107019
107020
107021
107022
107023
107024
107025
107026
107027
107028
107029
107030
107031
107033
107035
107036
107037
107038
107039
107040
107041
107042
107043
107044
107045
107046
107047
107048
107049
107050
107051
107052
107053
107054
107055
107056
107057
107058
107059
107060
107061
107062
107063
107064
107065
107066
107067
107068
107069
107070
107071
107072
107073
107075
107076
107077
107079
107080
107082
107084
107086
107087
107088
107089
107091
107093
107095
107096
107097
107098
107100
107102
107104
107106
107107
107108
107109
107111
107114
107115
107116
107117
107118
107119
107121
107123
107125
107126
107128
107130
107131
107132
107133
107134
107135
107137
107138
107139
107141
107142
107143
107144
107145
107146
107147
107148
107149
107151
107153
107154
107156
107157
107158
107159
107160
107161
107162
107163
107164
107165
107166
107167
107168
107169
107170
107172
107173
107175
107177
107178
107179
107180
107181
107182
107183
107184
107185
107186
107187
107188
107192
107195
107196
107199
107202
107203
107205
107206
107209
107210
107212
107213
107214
107215
107216
107217
107218
107219
107220
107221
107222
107223
107225
107226
107227
107229
107230
107232
107233
107234
107235
107236
107237
107238
107240
107241
107244
107245
107247
107248
107249
107250
107252
107253
107256
107259
107260
107263
107264
107266
107267
107268
107271
107272
107275
107276
107279
107280
107281
107282
107283
107284
107285
107286
107287
107288
107289
107290
107291
107292
107293
107294
107295
107296
107297
107298
107299
107301
107302
107304
107305
107306
107308
107309
107310
107311
107313
107314
107316
107317
107318
107320
107321
107322
107323
107324
107325
107326
107327
107328
107329
107330
107331
107332
107333
107334
107335
107336
107337
107340
107341
107344
107345
107348
107349
107351
107352
107353
107354
107355
107356
107357
107359
107360
107363
107364
107366
107367
107368
107369
107370
107371
107372
107373
107374
107375
107376
107377
107378
107379
107380
107381
107382
107383
107384
107386
107387
107388
107389
107390
107391
107392
107393
107394
107395
107396
107397
107398
107399
107400
107401
107402
107403
107404
107405
107406
107407
107408
107409
107410
107411
107412
107413
107414
107416
107417
107418
107419
107420
107421
107422
107423
107424
107425
107426
107427
107429
107430
107433
107434
107435
107436
107437
107438
107439
107440
107441
107443
107444
107445
107446
107447
107448
107449
107451
107452
107453
107454
107455
107456
107458
107459
107460
107494
107496
107502
107504
107506
107507
107509
107511
107512
107515
107517
107518
107521
107524
107529
107530
107531
107533
107534
107535
107536
107537
107538
107539
107540
107541
107542
107543
107544
107545
107546
107547
107548
107549
107550
107552
107553
107554
107555
107556
107558
107559
107561
107563
107564
107566
107567
107568
107569
107571
107573
107574
107575
107576
107577
107578
107580
107581
107582
107583
107584
107585
107586
107587
107588
107589
107591
107593
107594
107595
107596
107597
107598
107599
107600
107602
107603
107605
107606
107607
107608
107609
107610
107611
107612
107613
107614
107615
107616
107617
107618
107619
107620
107621
107623
107624
107625
107627
107628
107630
107631
107632
107634
107635
107638
107639
107640
107641
107642
107644
107645
107647
107648
107650
107656
107659
107661
107662
107667
107668
107671
107673
107674
107677
107679
107685
107687
107689
107690
107693
107696
107701
107705
107707
107708
107709
107710
107711
107712
107713
107714
107715
107716
107717
107718
107719
107720
107721
107723
107725
107726
107727
107728
107729
107730
107731
107732
107733
107734
107735
107737
107738
107739
107740
107741
107742
107743
107744
107745
107747
107749
107750
107751
107752
107753
107754
107755
107756
107757
107758
107759
107760
107761
107763
107764
107765
107766
107767
107768
107769
107770
107771
107773
107775
107778
107780
107782
107783
107784
107785
107787
107788
107789
107790
107791
107792
107793
107794
107795
107796
107797
107799
107801
107802
107803
107804
107805
107806
107807
107808
107809
107810
107811
107813
107814
107815
107816
107817
107818
107821
107822
107823
107825
107826
107827
107828
107829
107830
107831
107833
107834
107835
107836
107837
107838
107839
107840
107842
107844
107845
107846
107847
107850
107851
107852
107853
107854
107855
107856
107858
107859
107860
107861
107863
107864
107866
107868
107869
107870
107871
107872
107873
107874
107875
107876
107877
107878
107880
107882
107883
107885
107886
107887
107888
107889
107890
107892
107894
107897
107899
107900
107901
107902
107903
107904
107905
107907
107909
107911
107912
107913
107914
107915
107916
107918
107919
107920
107921
107923
107926
107927
107928
107929
107930
107931
107932
107935
107936
107937
107938
107939
107940
107941
107942
107943
107944
107945
107946
107947
107948
107949
107950
107951
107952
107954
107955
107956
107957
107959
107960
107961
107962
107963
107964
107965
107966
107967
107968
107969
107970
107971
107972
107973
107974
107975
107976
107977
107978
107979
107980
107983
107985
107986
107987
107989
107990
107991
107992
107994
107995
107997
107998
107999
108000
108001
108002
108004
108005
108006
108008
108009
108010
108011
108013
108016
108018
108019
108020
108021
108022
108023
108025
108026
108027
108029
108030
108032
108033
108034
108035
108037
108038
108039
108040
108041
108042
108043
108044
108045
108046
108047
108048
108049
108050
108051
108052
108053
108054
108055
108056
108058
108059
108060
108061
108062
108063
108064
108065
108066
108067
108068
108069
108070
108071
108073
108074
108075
108076
108078
108079
108081
108084
108093
108105
108117
108118
108119
108120
108123
108125
108126
108129
108130
108133
108134
108137
108138
108141
108142
108145
108146
108148
108149
108150
108151
108153
108165
108168
108169
108172
108175
108176
108179
108183
108186
108190
108193
108197
108200
108201
108208
108212
108215
108220
108227
108228
108238
108241
108244
108245
108248
108251
108255
108256
108258
108259
108261
108264
108265
108267
108268
108275
108276
108279
108280
108282
108287
108290
108291
108293
108294
108297
108308
108310
108311
108313
108314
108316
108317
108320
108321
108324
108325
108328
108329
108331
108332
108333
108334
108335
108336
108337
108340
108341
108342
108343
108344
108345
108347
108348
108350
108351
108352
108353
108354
108355
108356
108357
108358
108359
108360
108362
108363
108364
108365
108366
108367
108368
108369
108370
108371
108372
108374
108375
108377
108378
108379
108380
108381
108382
108383
108385
108386
108388
108389
108390
108392
108393
108394
108395
108396
108397
108398
108399
108400
108401
108402
108403
108404
108405
108406
108407
108408
108409
108410
108412
108413
108415
108416
108417
108418
108419
108420
108422
108423
108424
108426
108427
108428
108429
108430
108431
108432
108433
108434
108436
108438
108439
108441
108442
108443
108444
108445
108446
108447
108448
108450
108451
108452
108453
108454
108455
108456
108458
108459
108460
108462
108463
108464
108466
108467
108473
108482
108494
108501
108503
108521
108523
108524
108525
108526
108528
108529
108532
108534
108536
108538
108540
108541
108542
108544
108546
108547
108548
108550
108552
108553
108554
108557
108559
108561
108563
108565
108567
108569
108571
108572
108573
108574
108575
108576
108577
108578
108581
108584
108586
108587
108588
108590
108592
108594
108596
108598
108600
108602
108604
108606
108608
108609
108610
108611
108612
108614
108615
108616
108617
108618
108619
108620
108621
108622
108623
108626
108628
108629
108631
108632
108633
108634
108635
108636
108637
108638
108639
108640
108641
108643
108645
108647
108648
108649
108650
108651
108653
108655
108656
108657
108658
108659
108660
108661
108662
108663
108664
108665
108666
108667
108668
108669
108670
108674
108676
108677
108678
108681
108683
108684
108685
108686
108687
108689
108691
108692
108693
108695
108696
108697
108699
108700
108701
108702
108703
108704
108705
108706
108707
108708
108709
108710
108711
108712
108713
108714
108715
108717
108719
108720
108721
108723
108725
108726
108727
108728
108729
108730
108731
108732
108733
108734
108735
108736
108737
108738
108739
108740
108741
108742
108743
108744
108745
108746
108747
108748
108750
108752
108754
108755
108756
108757
108758
108759
108760
108762
108763
108764
108765
108766
108768
108769
108770
108771
108772
108774
108775
108776
108777
108778
108779
108780
108781
108782
108783
108784
108785
108787
108788
108789
108791
108792
108793
108795
108796
108797
108798
108799
108800
108801
108803
108804
108805
108806
108807
108808
108809
108810
108811
108813
108814
108816
108817
108818
108819
108820
108821
108822
108823
108824
108825
108826
108827
108828
108829
108830
108831
108832
108833
108834
108835
108836
108837
108838
108839
108840
108841
108842
108843
108844
108845
108846
108847
108848
108850
108851
108852
108853
108854
108855
108856
108857
108858
108859
108860
108862
108864
108865
108866
108867
108868
108869
108870
108871
108872
108873
108874
108875
108876
108877
108878
108879
108880
108881
108882
108883
108884
108885
108886
108887
108888
108889
108890
108891
108892
108893
108894
108895
108896
108897
108898
108899
108900
108901
108902
108903
108904
108905
108907
108909
108911
108913
108914
108915
108916
108917
108919
108920
108922
108923
108924
108925
108926
108927
108928
108929
108930
108931
108932
108933
108934
108935
108936
108937
108938
108939
108940
108941
108942
108944
108946
108947
108948
108949
108950
108951
108952
108953
108954
108955
108956
108958
108960
108961
108962
108963
108964
108965
108966
108967
108968
108970
108971
108973
108975
108977
108978
108979
108980
108981
108982
108983
108984
108985
108986
108988
108990
108991
108992
108993
108994
108995
108996
108997
108998
108999
109000
109001
109002
109003
109004
109005
109007
109008
109009
109011
109012
109013
109014
109015
109016
109017
109018
109019
109020
109022
109024
109025
109026
109027
109028
109029
109030
109031
109032
109033
109034
109035
109036
109037
109039
109042
109044
109048
109050
109051
109052
109053
109054
109055
109056
109057
109058
109059
109060
109061
109062
109063
109064
109065
109066
109067
109068
109069
109070
109071
109072
109073
109074
109075
109076
109077
109078
109079
109080
109081
109082
109083
109084
109085
109086
109087
109088
109089
109090
109091
109092
109093
109094
109095
109096
109097
109098
109099
109100
109101
109102
109103
109104
109105
109106
109107
109108
109109
109110
109111
109112
109113
109114
109115
109116
109117
109118
109119
109120
109121
109122
109123
109124
109125
109126
109127
109128
109129
109130
109131
109132
109133
109134
109136
109137
109138
109139
109140
109141
109142
109143
109144
109145
109146
109147
109148
109149
109150
109151
109152
109153
109154
109155
109156
109157
109158
109159
109160
109161
109162
109163
109164
109165
109166
109167
109168
109169
109170
109171
109172
109173
109174
109175
109176
109177
109178
109179
109180
109181
109182
109184
109185
109186
109187
109188
109189
109194
109195
109196
109197
109198
109199
109201
109203
109206
109212
109257
109282
109283
109286
109287
109290
109291
109292
109293
109294
109295
109296
109298
109299
109300
109301
109302
109303
109306
109307
109308
109309
109310
109311
109312
109313
109314
109315
109316
109318
109319
109321
109322
109323
109326
109327
109328
109329
109330
109331
109334
109335
109336
109338
109339
109341
109342
109343
109344
109345
109346
109347
109348
109349
109350
109351
109353
109354
109355
109357
109358
109359
109360
109361
109362
109363
109364
109365
109366
109367
109368
109369
109370
109371
109373
109374
109375
109376
109377
109378
109379
109380
109382
109383
109384
109385
109386
109387
109388
109390
109391
109393
109394
109395
109396
109397
109398
109399
109402
109403
109405
109406
109407
109409
109410
109411
109412
109413
109414
109415
109416
109417
109418
109419
109420
109421
109422
109423
109424
109425
109426
109427
109428
109430
109431
109434
109435
109438
109439
109440
109442
109443
109446
109447
109448
109449
109450
109451
109452
109453
109454
109455
109456
109457
109458
109459
109460
109461
109462
109463
109464
109465
109466
109467
109468
109469
109470
109471
109472
109473
109474
109475
109476
109478
109479
109482
109483
109486
109487
109490
109491
109494
109495
109497
109498
109499
109500
109501
109502
109503
109504
109505
109506
109507
109508
109510
109511
109512
109513
109514
109515
109516
109517
109518
109519
109520
109521
109522
109523
109526
109527
109529
109530
109531
109532
109533
109534
109535
109537
109538
109539
109542
109543
109544
109545
109546
109547
109548
109549
109550
109551
109554
109555
109557
109558
109559
109560
109561
109562
109563
109564
109565
109566
109567
109568
109569
109570
109571
109572
109573
109574
109575
109576
109577
109578
109579
109581
109582
109583
109584
109585
109586
109587
109588
109589
109590
109591
109592
109593
109594
109595
109596
109597
109598
109599
109600
109601
109602
109603
109604
109605
109606
109607
109608
109609
109610
109611
109612
109613
109614
109615
109616
109617
109618
109619
109620
109622
109623
109625
109626
109627
109628
109629
109630
109631
109632
109633
109634
109635
109637
109638
109639
109640
109642
109643
109644
109645
109646
109647
109649
109650
109651
109652
109654
109655
109656
109658
109659
109660
109661
109662
109663
109664
109665
109666
109667
109669
109670
109671
109672
109674
109675
109676
109677
109678
109679
109680
109681
109682
109683
109684
109685
109686
109687
109688
109690
109691
109695
109698
109699
109701
109709
109712
109716
109721
109728
109732
109733
109736
109737
109777
109779
109797
109800
109801
109802
109803
109804
109805
109806
109807
109810
109811
109812
109814
109815
109816
109817
109818
109819
109822
109823
109824
109826
109827
109830
109831
109834
109835
109837
109838
109839
109841
109842
109843
109844
109845
109846
109847
109848
109850
109851
109852
109853
109854
109855
109856
109857
109858
109859
109860
109861
109862
109863
109864
109865
109866
109867
109868
109869
109870
109871
109872
109873
109874
109875
109876
109877
109878
109879
109880
109881
109882
109883
109884
109885
109886
109887
109888
109889
109890
109891
109892
109893
109894
109895
109896
109897
109898
109899
109900
109901
109902
109903
109904
109905
109906
109907
109908
109909
109910
109911
109912
109913
109914
109915
109916
109918
109919
109920
109921
109922
109923
109924
109925
109926
109927
109928
109929
109930
109931
109933
109934
109935
109936
109937
109938
109939
109940
109941
109942
109943
109944
109946
109947
109948
109950
109951
109954
109955
109956
109957
109958
109959
109960
109961
109962
109963
109964
109965
109966
109967
109968
109969
109970
109971
109972
109973
109974
109975
109976
109977
109978
109979
109980
109981
109982
109983
109984
109985
109986
109987
109988
109989
109990
109991
109992
109994
109995
109998
109999
110000
110002
110003
110004
110005
110006
110007
110009
110010
110011
110012
110013
110014
110015
110017
110018
110019
110021
110022
110023
110024
110025
110026
110027
110028
110029
110030
110031
110032
110033
110034
110035
110036
110038
110039
110040
110042
110043
110046
110047
110049
110050
110051
110052
110053
110054
110055
110056
110057
110058
110059
110060
110061
110062
110063
110064
110065
110066
110067
110068
110069
110070
110071
110072
110073
110074
110075
110076
110077
110078
110079
110080
110081
110082
110083
110084
110085
110086
110087
110088
110090
110091
110092
110093
110094
110095
110096
110097
110098
110099
110100
110101
110102
110103
110104
110105
110106
110107
110108
110110
110111
110112
110114
110115
110116
110117
110118
110119
110120
110121
110122
110123
110124
110125
110126
110127
110128
110129
110130
110131
110132
110133
110134
110135
110136
110137
110138
110139
110142
110143
110144
110146
110147
110148
110150
110151
110154
110155
110156
110158
110159
110160
110161
110162
110163
110164
110165
110166
110167
110168
110169
110170
110171
110172
110173
110174
110175
110176
110177
110178
110179
110180
110181
110182
110183
110184
110185
110186
110187
110188
110189
110190
110191
110192
110193
110194
110195
110197
110198
110199
110200
110201
110202
110203
110204
110205
110206
110207
110208
110209
110210
110211
110212
110213
110214
110215
110216
110217
110218
110219
110220
110221
110222
110223
110224
110225
110226
110227
110228
110229
110230
110231
110232
110233
110234
110235
110236
110237
110238
110239
110240
110241
110242
110243
110245
110246
110247
110248
110249
110250
110251
110252
110253
110254
110255
110256
110258
110259
110261
110262
110263
110264
110265
110266
110267
110268
110269
110270
110271
110272
110273
110274
110275
110277
110278
110279
110280
110281
110282
110283
110284
110286
110287
110288
110290
110291
110292
110294
110295
110297
110298
110299
110300
110301
110302
110303
110304
110305
110306
110307
110308
110309
110310
110311
110312
110313
110314
110315
110316
110317
110318
110319
110320
110321
110322
110323
110324
110325
110326
110327
110328
110329
110330
110331
110332
110333
110334
110335
110336
110337
110338
110339
110342
110343
110344
110345
110346
110347
110348
110349
110350
110351
110353
110354
110355
110358
110359
110361
110362
110363
110364
110365
110366
110367
110368
110369
110370
110372
110373
110376
110377
110380
110385
110396
110397
110400
110401
110404
110409
110410
110411
110413
110414
110416
110417
110419
110433
110434
110436
110438
110440
110442
110443
110444
110446
110447
110448
110451
110453
110454
110455
110456
110458
110459
110460
110461
110462
110463
110464
110465
110466
110467
110468
110469
110470
110473
110474
110475
110477
110478
110480
110481
110487
110488
110489
110490
110493
110495
110496
110497
110498
110500
110501
110502
110505
110507
110510
110511
110512
110515
110517
110518
110519
110520
110521
110522
110523
110524
110526
110527
110530
110531
110532
110534
110537
110538
110539
110540
110541
110542
110543
110544
110545
110546
110547
110548
110550
110551
110552
110553
110554
110557
110560
110561
110564
110565
110567
110568
110569
110570
110571
110574
110575
110576
110577
110578
110579
110580
110581
110582
110583
110584
110585
110586
110587
110589
110590
110591
110592
110594
110595
110596
110597
110598
110599
110600
110601
110602
110603
110604
110605
110606
110607
110608
110609
110610
110611
110612
110614
110615
110616
110618
110619
110620
110621
110622
110623
110626
110627
110628
110629
110630
110631
110633
110637
110643
110644
110645
110646
110649
110651
110652
110654
110655
110657
110658
110659
110660
110661
110662
110663
110664
110665
110666
110667
110668
110669
110670
110671
110672
110673
110674
110675
110677
110678
110679
110681
110682
110683
110684
110685
110686
110687
110688
110689
110690
110692
110693
110694
110695
110696
110697
110698
110699
110700
110701
110703
110704
110706
110707
110708
110709
110710
110712
110713
110716
110720
110721
110724
110728
110732
110733
110736
110741
110744
110752
110753
110756
110760
110764
110765
110768
110769
110772
110773
110776
110780
110788
110789
110792
110793
110796
110797
110800
110801
110804
110805
110808
110809
110812
110813
110816
110817
110820
110821
110825
110828
110829
110832
110837
110845
110848
110852
110853
110856
110857
110860
110861
110864
110865
110868
110869
110876
110877
110880
110881
110884
110885
110888
110889
110892
110893
110896
110900
110901
110904
110905
110908
110909
110912
110913
110916
110917
110920
110921
110924
110925
110928
110929
110932
110933
110936
110937
110940
110941
110944
110948
110949
110952
110953
110956
110957
110964
110965
110968
110972
110973
110976
110977
110980
110981
110985
110988
110989
110992
110993
110996
110997
111000
111001
111004
111009
111012
111016
111017
111020
111021
111024
111028
111029
111052
111053
111056
111061
111064
111065
111068
111069
111073
111076
111080
111081
111089
111092
111093
111096
111097
111100
111104
111108
111109
111113
111116
111117
111120
111121
111124
111125
111128
111129
111132
111133
111136
111137
111140
111144
111145
111148
111149
111152
111153
111156
111157
111160
111164
111165
111168
111172
111173
111176
111177
111180
111188
111189
111192
111193
111196
111197
111200
111201
111204
111205
111208
111212
111213
111216
111217
111220
111221
111224
111225
111228
111232
111233
111236
111244
111248
111249
111252
111253
111257
111260
111261
111264
111265
111268
111273
111276
111277
111280
111281
111284
111285
111288
111289
111292
111297
111300
111301
111304
111305
111308
111309
111312
111316
111317
111321
111324
111328
111329
111332
111333
111336
111337
111345
111348
111349
111352
111356
111357
111360
111361
111364
111365
111368
111369
111376
111377
111380
111381
111385
111392
111393
111396
111397
111400
111401
111404
111409
111412
111413
111416
111417
111420
111421
111424
111425
111428
111429
111432
111433
111436
111437
111440
111441
111444
111448
111449
111452
111453
111456
111457
111460
111461
111464
111465
111468
111469
111472
111473
111476
111477
111480
111481
111484
111488
111489
111492
111493
111522
111535
111539
111540
111544
111547
111548
111551
111552
111555
111556
111559
111560
111564
111567
111568
111571
111572
111573
111576
111580
111581
111583
111584
111587
111588
111592
111599
111600
111603
111604
111607
111608
111611
111612
111615
111616
111619
111620
111621
111624
111625
111628
111629
111631
111632
111635
111636
111639
111640
111643
111644
111647
111648
111651
111652
111655
111656
111659
111660
111663
111667
111668
111669
111672
111673
111676
111680
111683
111684
111687
111688
111691
111692
111695
111696
111708
111711
111712
111715
111716
111717
111720
111721
111724
111725
111727
111728
111731
111732
111735
111736
111739
111740
111744
111747
111752
111756
111759
111760
111765
111768
111769
111772
111775
111776
111779
111780
111783
111784
111787
111791
111795
111796
111799
111800
111803
111807
111812
111816
111817
111820
111821
111823
111824
111827
111828
111831
111832
111835
111836
111840
111843
111844
111847
111848
111851
111852
111854
111855
111858
111859
111862
111863
111866
111867
111870
111871
111876
111879
111880
111888
111895
111899
111937
111938
111942
111945
111946
111949
111950
111954
111957
111962
111963
111966
111974
111977
111978
111985
111986
111989
111990
111997
112001
112002
112005
112006
112009
112010
112013
112014
112017
112021
112022
112025
112026
112027
112030
112031
112034
112035
112037
112038
112041
112042
112045
112046
112049
112050
112053
112054
112057
112058
112061
112062
112065
112066
112070
112073
112074
112077
112078
112082
112089
112090
112091
112094
112095
112098
112099
112101
112102
112105
112106
112109
112110
112113
112117
112118
112121
112122
112125
112126
112130
112133
112134
112137
112138
112141
112142
112145
112146
112150
112155
112158
112159
112163
112166
112169
112170
112174
112177
112178
112182
112186
112189
112190
112193
112197
112198
112201
112202
112205
112206
112209
112213
112214
112217
112218
112219
112223
112226
112227
112229
112230
112233
112234
112237
112238
112249
112250
112253
112254
112257
112258
112261
112262
112266
112269
112274
112277
112278
112281
112282
112283
112286
112287
112291
112297
112298
112301
112302
112305
112306
112309
112310
112313
112314
112321
112322
112329
112330
112333
112334
112337
112338
112341
112345
112346
112347
112350
112351
112354
112357
112358
112361
112362
112365
112369
112370
112374
112381
112382
112386
112389
112390
112394
112397
112398
112401
112405
112406
112410
112414
112415
112418
112419
112421
112422
112425
112426
112429
112433
112434
112437
112441
112446
112449
112450
112453
112457
112458
112462
112466
112470
112474
112478
112482
112485
112486
112489
112490
112491
112495
112499
112502
112505
112506
112517
112562
112590
112657
112658
112662
112669
112670
112674
112677
112681
112682
112685
112686
112693
112698
112701
112702
112705
112706
112709
112713
112714
112717
112718
112721
112722
112725
112726
112727
112730
112734
112735
112738
112739
112742
112743
112746
112747
112750
112751
112754
112755
112758
112759
112762
112763
112766
112767
112769
112773
112774
112777
112778
112781
112793
112794
112797
112798
112801
112802
112805
112806
112809
112810
112817
112818
112821
112822
112825
112826
112830
112833
112834
112837
112838
112840
112841
112844
112845
112848
112849
112852
112853
112854
112857
112858
112861
112862
112866
112869
112878
112881
112882
112885
112886
112890
112893
112894
112897
112898
112901
112904
112905
112908
112909
112912
112913
112916
112917
112918
112921
112926
112929
112930
112933
112934
112937
112938
112941
112944
112945
112948
112950
112953
112957
112958
112961
112962
112965
112966
112969
112974
112977
112978
112981
112982
112986
112989
112990
112993
112994
112997
113005
113006
113009
113010
113013
113014
113017
113018
113021
113022
113025
113026
113029
113030
113035
113038
113039
113042
113043
113046
113047
113050
113051
113054
113058
113059
113062
113063
113065
113069
113070
113073
113074
113077
113078
113079
113082
113083
113086
113087
113090
113091
113094
113095
113098
113099
113102
113103
113106
113107
113110
113111
113113
113114
113117
113118
113121
113122
113126
113129
113130
113133
113134
113137
113138
113141
113142
113145
113146
113149
113150
113153
113154
113157
113158
113161
113166
113169
113170
113173
113181
113182
113185
113254
113325
113329
113330
113333
113334
113337
113342
113345
113346
113349
113350
113353
113354
113357
113362
113365
113370
113374
113378
113382
113385
113386
113389
113390
113393
113398
113403
113407
113410
113411
113414
113415
113426
113427
113430
113431
113433
113434
113437
113438
113441
113442
113445
113449
113450
113453
113454
113457
113458
113459
113462
113463
113466
113470
113474
113475
113478
113482
113483
113487
113490
113491
113494
113495
113498
113499
113502
113503
113506
113507
113510
113511
113513
113514
113517
113518
113521
113522
113525
113526
113529
113530
113533
113534
113537
113538
113541
113542
113545
113549
113550
113553
113554
113557
113558
113561
113562
113565
113566
113569
113570
113573
113574
113577
113578
113582
113585
113586
113587
113591
113594
113598
113599
113602
113606
113607
113609
113610
113626
113630
113633
113637
113638
113641
113642
113646
113649
113650
113653
113654
113658
113661
113665
113666
113669
113670
113673
113674
113681
113682
113685
113689
113690
113693
113694
113697
113701
113702
113705
113709
113710
113714
113717
113718
113721
113722
113726
113730
113733
113734
113738
113741
113742
113746
113749
113750
113753
113754
113758
113761
113762
113765
113766
113769
113770
113773
113774
113777
113778
113781
113785
113789
113790
113794
113797
113798
113801
113802
113805
113806
113813
113814
113817
113818
113821
113822
113826
113829
113830
113833
113834
113837
113838
113841
113842
113845
113846
113849
113850
113853
113854
113857
113858
113861
113865
113866
113869
113870
113873
113874
113877
113878
113889
113894
113897
113898
113901
113902
113905
113906
113909
113913
113914
113917
113918
113921
113922
113925
113926
113929
113930
113934
113937
113938
113941
113942
113945
113946
113949
113950
113953
113962
113965
113966
113969
113970
113973
113974
113977
113981
113982
113985
113989
113990
113994
113997
114005
114006
114009
114013
114014
114017
114021
114022
114026
114029
114033
114034
114037
114041
114042
114045
114046
114049
114050
114053
114054
114057
114058
114061
114062
114065
114066
114070
114073
114074
114077
114078
114081
114082
114085
114086
114145
114146
114149
114150
114153
114157
114158
114161
114162
114165
114166
114169
114170
114173
114177
114178
114181
114182
114185
114186
114189
114194
114197
114198
114201
114202
114206
114210
114213
114214
114217
114218
114221
114222
114226
114229
114230
114233
114234
114237
114238
114241
114245
114249
114250
114253
114254
114257
114262
114265
114266
114269
114270
114273
114274
114277
114278
114281
114282
114285
114286
114289
114290
114293
114298
114301
114302
114305
114306
114309
114310
114313
114317
114321
114322
114329
114330
114333
114337
114338
114345
114349
114350
114353
114354
114357
114358
114361
114366
114370
114378
114379
114382
114383
114386
114389
114390
114393
114394
114401
114402
114405
114406
114409
114414
114417
114422
114425
114426
114429
114430
114434
114437
114438
114441
114450
114459
114462
114463
114470
114473
114478
114481
114485
114486
114489
114490
114493
114494
114497
114503
114507
114510
114511
114514
114518
114519
114522
114526
114530
114533
114534
114538
114541
114542
114545
114546
114549
114550
114553
114554
114557
114569
114570
114573
114574
114577
114578
114581
114582
114585
114594
114597
114601
114605
114609
114610
114613
114614
114617
114618
114622
114625
114626
114629
114630
114634
114637
114638
114641
114642
114645
114646
114649
114650
114653
114654
114657
114673
114676
114677
114680
114681
114688
114689
114690
114693
114694
114697
114701
114702
114705
114706
114709
114713
114714
114717
114721
114722
114725
114726
114729
114730
114733
114734
114737
114741
114742
114745
114746
114749
114750
114753
114754
114757
114761
114762
114765
114766
114769
114770
114773
114777
114778
114781
114782
114785
114786
114789
114790
114793
114794
114797
114801
114802
114805
114806
114813
114814
114817
114818
114821
114822
114825
114833
114834
114837
114838
114845
114846
114849
114850
114854
114858
114861
114862
114865
114866
114869
114870
114873
114874
114878
114879
114882
114883
114886
114887
114895
114898
114899
114902
114905
114906
114909
114910
114913
114914
114917
114919
114922
114923
114926
114927
114930
114931
114934
114935
114938
114939
114942
114943
114946
114947
114951
114954
114955
114958
114959
114963
114967
114970
114975
114976
114979
114980
114983
114984
114987
114988
114991
114992
114995
115000
115003
115004
115008
115012
115015
115016
115020
115023
115024
115028
115036
115039
115043
115047
115051
115052
115056
115057
115061
115065
115070
115075
115079
115083
115087
115088
115092
115097
115100
115101
115105
115106
115110
115111
115115
115118
115127
115128
115135
115136
115140
115141
115150
115153
115154
115159
115163
115168
115171
115176
115177
115181
115182
115186
115189
115190
115194
115195
115204
115207
115208
115213
115217
115218
115222
115226
115230
115244
115248
115249
115253
115254
115258
115261
115262
115266
115267
115271
115272
115279
115280
115284
115289
115290
115303
115307
115308
115312
115315
115321
115325
115326
115330
115333
115334
115338
115339
115343
115344
115348
115351
115352
115356
115361
115362
115366
115369
115370
115374
115375
115379
115380
115384
115392
115396
115397
115401
115404
115405
115409
115410
115414
115415
115419
115422
115423
115427
115428
115432
115433
115437
115440
115441
115450
115451
115455
115458
115459
115463
115464
115468
115469
115470
115477
115478
115482
115483
115487
115488
115492
115495
115500
115506
115513
115517
115522
115527
115536
115550
115558
115561
115570
115573
115576
115579
115582
115585
115588
115591
115594
115597
115603
115612
115615
115618
115621
115624
115627
115630
115633
115636
115639
115642
115645
115648
115651
115654
115657
115660
115663
115666
115669
115672
115675
115678
115681
115684
115687
115690
115696
115699
115702
115705
115708
115711
115714
115717
115720
115723
115735
115738
115741
115744
115759
115765
115771
115781
115801
115804
115876
115879
115882
115885
115888
115897
115900
115903
115906
115912
115915
115918
115924
115930
115933
115936
115942
115951
115957
115966
115969
115972
115975
115978
115981
115984
115987
115990
115993
115996
115999
116002
116005
116008
116011
116014
116017
116026
116029
116032
116038
116041
116044
116047
116050
116053
116056
116059
116062
116075
116078
116101
116104
116110
116113
116116
116119
116142
116145
116148
116154
116157
116160
116163
116166
116170
116173
116176
116179
116182
116185
116188
116191
116194
116204
116207
116210
116216
116219
116222
116226
116229
116232
116235
116239
116242
116245
116248
116251
116254
116257
116260
116263
116267
116270
116273
116276
116279
116282
116285
116288
116291
116294
116297
116301
116304
116307
116310
116313
116316
116319
116323
116326
116329
116332
116335
116338
116342
116345
116348
116351
116354
116357
116360
116363
116366
116369
116379
116382
116388
116394
116400
116404
116410
116413
116419
116426
116429
116432
116435
116438
116441
116444
116447
116450
116453
116456
116460
116463
116466
116472
116489
116492
116495
116501
116505
116508
116511
116514
116517
116520
116523
116527
116530
116533
116536
116539
116542
116545
116548
116552
116555
116558
116561
116564
116567
116570
116573
116576
116579
116582
116585
116588
116591
116595
116598
116601
116604
116616
116619
116623
116641
116651
116654
116657
116660
116669
116672
116675
116678
116682
116685
116688
116691
116694
116697
116700
116713
116722
116728
116732
116735
116738
116741
116744
116747
116750
116754
116760
116766
116769
116772
116776
116782
116785
116801
116804
116807
116810
116813
116817
116820
116823
116826
116832
116835
116838
116842
116848
116851
116854
116861
116864
116867
116870
116873
116883
116886
116889
116892
116895
116898
116902
116908
116911
116914
116918
116924
116927
116932
116949
116957
116958
116962
116963
116967
116968
116972
116977
116981
116982
116985
116986
116990
116991
117000
117003
117008
117013
117017
117018
117021
117022
117026
117027
117030
117035
117036
117040
117045
117046
117049
117050
117054
117055
117058
117059
117063
117064
117067
117068
117072
117073
117076
117077
117081
117082
117085
117090
117091
117094
117095
117099
117103
117109
117112
117113
117120
117125
117130
117131
117135
117136
117139
117140
117144
117145
117148
117149
117153
117154
117157
117162
117163
117166
117167
117171
117172
117180
117184
117189
117198
117199
117202
117203
117207
117210
117211
117215
117216
117220
117221
117225
117234
117238
117239
117243
117244
117247
117248
117256
117257
117262
117265
117266
117270
117271
117274
117280
117283
117284
117288
117289
117292
117297
117303
117307
117308
117311
117312
117316
117319
117320
117324
117325
117328
117329
117333
117342
117343
117346
117355
117356
117364
117365
117369
117370
117373
117374
117388
117396
117397
117401
117405
117408
117409
117413
117414
117418
117423
117424
117427
117432
117433
117436
117437
117441
117442
117445
117446
117450
117451
117454
117455
117459
117460
117463
117464
117468
117469
117472
117477
117483
117492
117505
117508
117509
117513
117514
117518
117522
117523
117527
117531
117532
117535
117536
117540
117544
117545
117549
117550
117553
117554
117558
117559
117562
117563
117567
117568
117572
117578
117581
117582
117586
117589
117590
117595
117598
117603
117604
117607
117608
117613
117617
117621
117622
117625
117626
117634
117643
117644
117648
117649
117653
117660
117661
117665
117666
117669
117670
117674
117675
117678
117684
117687
117688
117692
117693
117697
117698
117706
117707
117714
117719
117722
117724
117725
117732
117734
117735
117737
117742
117744
117745
117747
117749
117750
117752
117754
117755
117757
117759
117760
117762
117764
117765
117767
117769
117770
117772
117774
117775
117777
117779
117780
117785
117787
117789
117790
117793
117794
117796
117798
117799
117801
117803
117804
117806
117809
117814
117818
117819
117821
117823
117824
117826
117828
117829
117836
117841
117843
117844
117849
117851
117853
117854
117856
117858
117859
117861
117863
117864
117866
117868
117869
117871
117873
117874
117876
117878
117879
117881
117883
117884
117886
117889
117891
117893
117894
117896
117898
117899
117901
117909
117913
117914
117916
117918
117919
117921
117923
117924
117926
117928
117929
117931
117933
117934
117936
117938
117939
117943
117944
117946
117948
117949
117951
117953
117954
117956
117959
117961
117963
117964
117968
117969
117973
117974
117978
117979
117981
117983
117984
117986
117988
117989
117991
117993
117994
117996
117998
118001
118003
118004
118008
118009
118013
118014
118016
118018
118019
118021
118023
118024
118026
118028
118030
118033
118036
118038
118040
118048
118061
118068
118071
118075
118076
118078
118080
118086
118088
118089
118091
118093
118095
118096
118098
118100
118102
118103
118105
118107
118109
118110
118112
118113
118115
118117
118118
118120
118122
118124
118125
118127
118129
118131
118132
118134
118136
118138
118142
118154
118158
118162
118169
118171
118174
118180
118186
118190
118202
118204
118207
118218
118222
118227
118231
118235
118239
118242
118244
118248
118254
118260
118261
118263
118265
118267
118268
118269
118270
118271
118275
118276
118279
118280
118281
118282
118284
118285
118286
118287
118288
118289
118290
118291
118292
118293
118294
118296
118323
118325
118329
118331
118332
118333
118335
118336
118337
118338
118503
118505
118507
118509
118511
118513
118515
118517
118519
118522
118524
118528
118530
118532
118533
118535
118537
118538
118540
118542
118544
118546
118548
118550
118552
118554
118555
118557
118559
118574
118576
118578
118580
118593
118597
118599
118601
118603
118605
118606
118608
118610
118612
118614
118622
118623
118625
118627
118633
118635
118637
118639
118641
118643
118645
118647
118649
118652
118654
118656
118658
118660
118662
118672
118674
118678
118679
118681
118683
118687
118689
118691
118693
118695
118697
118699
118705
118707
118709
118711
118713
118715
118717
118719
118721
118723
118725
118727
118729
118731
118733
118741
118743
118767
118770
118771
118773
118774
118777
118778
118780
118782
118783
118786
118791
118806
118807
118810
118811
118813
118814
118817
118818
118821
118822
118825
118826
118829
118830
118833
118834
118837
118838
118841
118842
118844
118845
118849
118852
118853
118856
118857
118861
118864
118865
118868
118869
118872
118873
118876
118880
118884
118887
118888
118892
118895
118896
118899
118900
118903
118904
118907
118911
118912
118915
118916
118919
118920
118923
118924
118926
118927
118930
118931
118934
118938
118939
118942
118950
118951
118954
118966
118970
118974
118975
118978
118979
118982
118983
118986
118987
119049
119057
119058
119059
119060
119061
119066
119067
119068
119069
119070
119071
119072
119073
119074
119075
119077
119078
119079
119080
119081
119082
119088
119089
119090
119091
119092
119093
119094
119095
119096
119099
119102
119103
119105
119106
119107
119110
119111
119114
119115
119118
119119
119122
119123
119126
119127
119130
119131
119134
119135
119138
119139
119142
119143
119146
119147
119150
119151
119154
119155
119158
119159
119162
119163
119166
119167
119174
119177
119178
119181
119182
119185
119186
119193
119194
119197
119198
119201
119202
119203
119206
119211
119214
119229
119232
119233
119236
119237
119240
119244
119245
119248
119249
119253
119254
119257
119258
119261
119262
119265
119266
119269
119270
119273
119274
119278
119281
119282
119285
119286
119289
119290
119293
119294
119297
119298
119301
119302
119305
119306
119309
119376
119377
119380
119381
119384
119385
119388
119389
119392
119397
119400
119401
119404
119405
119409
119413
119416
119417
119424
119425
119428
119429
119433
119436
119437
119440
119441
119444
119445
119448
119449
119452
119456
119460
119463
119464
119467
119468
119471
119476
119480
119484
119487
119488
119491
119510
119513
119514
119517
119518
119521
119522
119525
119526
119529
119530
119533
119534
119537
119538
119541
119542
119545
119546
119549
119550
119554
119555
119558
119559
119562
119566
119567
119570
119571
119574
119575
119579
119582
119583
119587
119590
119591
119594
119595
119598
119599
119602
119603
119607
119614
119615
119618
119619
119626
119627
119630
119631
119634
119635
119638
119639
119642
119646
119650
119651
119658
119659
119662
119663
119667
119671
119674
119675
119678
119679
119682
119683
119686
119687
119690
119691
119694
119695
119698
119699
119702
119703
119706
119707
119710
119711
119714
119715
119718
119719
119722
119723
119726
119727
119734
119738
119739
119742
119743
119747
119748
119751
119752
119755
119756
119759
119775
119776
119779
119780
119783
119784
119788
119792
119795
119796
119799
119800
119811
119812
119815
119816
119819
119823
119827
119831
119835
119839
119842
119846
119848
119850
119852
119854
119856
119858
119862
119868
119870
119872
119874
119886
119888
119890
119892
119894
119898
119900
119902
119904
119906
119908
119910
119912
119914
119916
119918
119920
119922
119924
119926
119928
119930
119932
119934
119936
119938
119940
119942
119944
119946
119948
119950
119952
119954
119956
119958
119960
119964
119966
119968
119970
119972
119974
119976
119978
119980
119986
119988
119990
119992
119994
119996
119998
120004
120006
120008
120012
120014
120016
120018
120020
120022
120024
120026
120028
120030
120032
120034
120040
120042
120060
120061
120063
120064
120065
120066
120067
120068
120069
120070
120071
120072
120073
120074
120075
120076
120077
120078
120080
120081
120082
120083
120084
120085
120086
120087
120088
120089
120090
120091
120092
120093
120094
120095
120096
120097
120098
120099
120100
120101
120103
120105
120106
120107
120108
120109
120110
120111
120112
120113
120114
120115
120116
120117
120118
120119
120120
120123
120124
120125
120126
120127
120128
120130
120131
120132
120133
120134
120135
120136
120137
120138
120139
120140
120142
120143
120144
120145
120146
120147
120148
120149
120150
120151
120152
120153
120154
120155
120156
120159
120161
120163
120165
120166
120168
120170
120172
120174
120176
120178
120180
120182
120184
120186
120188
120190
120192
120194
120196
120198
120200
120201
120203
120205
120207
120209
120211
120215
120217
120219
120221
120223
120225
120227
120229
120231
120233
120239
120241
120243
120245
120247
120251
120253
120255
120257
120259
120263
120265
120267
120269
120271
120273
120275
120277
120279
120281
120283
120285
120287
120289
120291
120295
120297
120301
120303
120305
120309
120311
120313
120315
120317
120319
120321
120323
120325
120327
120329
120331
120333
120335
120337
120339
120341
120343
120345
120347
120348
120350
120352
120354
120356
120358
120360
120371
120373
120375
120377
120379
120381
120383
120385
120386
120399
120402
120403
120406
120407
120410
120411
120414
120415
120418
120419
120422
120423
120426
120427
120430
120431
120438
120439
120443
120450
120451
120454
120455
120458
120459
120466
120467
120470
120471
120474
120475
120478
120479
120482
120483
120486
120487
120490
120491
120494
120495
120498
120503
120506
120507
120510
120511
120514
120515
120518
120519
120522
120523
120526
120527
120530
120542
120543
120546
120547
120550
120551
120554
120555
120558
120559
120562
120566
120567
120570
120571
120574
120575
120578
120582
120583
120586
120587
120591
120599
120602
120603
120606
120607
120611
120614
120615
120618
120619
120622
120623
120630
120631
120634
120638
120639
120642
120643
120646
120647
120650
120651
120652
120653
120654
120655
120656
120657
120658
120665
120666
120670
120673
120674
120681
120682
120685
120686
120689
120690
120693
120694
120697
120698
120702
120705
120709
120710
120713
120714
120717
120718
120721
120722
120725
120729
120730
120733
120737
120738
120741
120742
120745
120746
120749
120750
120753
120754
120757
120758
120761
120762
120765
120766
120770
120773
120774
120777
120778
120781
120782
120785
120786
120789
120790
120793
120794
120797
120798
120801
120802
120805
120806
120809
120810
120813
120814
120817
120818
120822
120825
120826
120829
120830
120833
120834
120837
120838
120841
120842
120845
120846
120850
120853
120854
120857
120858
120861
120862
120865
120866
120869
120870
120873
120874
120877
120881
120882
120885
120886
120889
120893
120894
120897
120901
120902
120905
120906
120907
120908
120915
120916
