100009
100010
100015
100019
100027
100031
100035
100039
100043
100048
100050
100055
100060
100061
100067
100069
100071
100073
100076
100084
100086
100090
100092
100108
100110
100120
100125
100129
100148
100154
100161
100164
100166
100169
100170
100175
100176
100177
100179
100182
100184
100185
100187
100195
100200
100204
100208
100209
100213
100222
100224
100226
100227
100228
100229
100230
100231
100241
100252
100260
100283
100291
100306
100308
100318
100320
100324
100335
100338
100342
100346
100350
100356
100367
100376
100378
100380
100382
100388
100390
100424
100444
100460
100470
100476
100482
100500
100504
100536
100549
100551
100553
100555
100627
100629
100631
100653
100659
100668
100671
100675
100681
100684
100691
100697
100701
100704
100708
100711
100714
100717
100720
100723
100727
100730
100734
100737
100741
100746
100749
100752
100761
100768
100775
100778
100781
100784
100792
100799
100806
100817
100823
100857
100868
100895
100953
100984
100989
101004
101046
101111
101136
101148
101161
101165
101172
101187
101194
101198
101208
101214
101224
101230
101238
101258
101274
101288
101291
101297
101300
101303
101307
101311
101314
101317
101321
101324
101327
101330
101335
101342
101348
101351
101354
101357
101360
101363
101366
101369
101372
101376
101383
101390
101396
101400
101404
101408
101422
101429
101445
101448
101452
101456
101462
101466
101475
101478
101481
101486
101489
101500
101508
101553
101557
101560
101563
101573
101577
101581
101591
101596
101599
101604
101610
101620
101635
101640
101647
101654
101673
101677
101682
101687
101700
101704
101708
101714
101736
101739
101749
101763
101769
101780
101795
101798
101807
101813
101816
101819
101825
101831
101836
101848
101865
101873
101876
101884
101896
101966
101971
101975
101979
101983
101989
101993
101996
101999
102002
102010
102021
102024
102028
102032
102038
102042
102056
102059
102063
102069
102080
102085
102113
102119
102124
102132
102136
102145
102148
102154
102157
102172
102183
102189
102193
102201
102249
102273
102280
102293
102305
102309
102312
102315
102326
102330
102336
102346
102354
102360
102370
102383
102392
102399
102410
102421
102424
102435
102439
102448
102452
102511
102523
102553
102592
102599
102606
102619
102676
102685
102689
102692
102695
102698
102702
102705
102710
102714
102717
102720
102723
102726
102730
102733
102736
102740
102746
102749
102755
102799
102809
102830
102846
102858
102867
102873
102894
102898
102903
102906
102909
102916
102936
102942
102955
102960
102971
103004
103018
103027
103041
103055
103078
103098
103102
103105
103108
103114
103117
103120
103124
103128
103133
103137
103147
103154
103157
103162
103170
103175
103182
103210
103214
103218
103248
103256
103276
103296
103309
103312
103319
103331
103338
103342
103345
103350
103358
103362
103366
103381
103386
103389
103393
103415
103437
103460
103465
103500
103519
103566
103569
103572
103576
103587
103590
103605
103609
103623
103626
103649
103658
103691
103694
103701
103714
103723
103726
103736
103746
103757
103764
103767
103777
103781
103796
103806
103814
103818
103822
103834
103838
103843
103846
103857
103862
103944
103951
103957
103960
103969
103975
103979
103998
104035
104057
104071
104081
104087
104107
104111
104136
104142
104145
104148
104151
104154
104159
104164
104169
104173
104178
104183
104210
104229
104249
104253
104258
104268
104289
104300
104323
104341
104344
104402
104415
104425
104433
104436
104449
104459
104466
104472
104477
104485
104489
104505
104518
104586
104589
104594
104599
104622
104628
104632
104638
104641
104663
104670
104674
104677
104683
104687
104715
104727
104741
104752
104770
104773
104779
104787
104790
104796
104799
104805
104812
104816
104849
104868
104890
104895
104899
104905
104912
104921
104924
104935
104938
104941
104945
104959
104962
104965
104969
104981
104991
105005
105016
105023
105037
105050
105064
105077
105087
105104
105123
105126
105138
105152
105213
105226
105246
105259
105282
105295
105314
105319
105327
105330
105334
105337
105340
105343
105365
105371
105374
105377
105380
105383
105390
105393
105396
105401
105405
105433
105449
105457
105461
105472
105483
105487
105491
105495
105500
105503
105507
105511
105515
105518
105522
105526
105530
105533
105548
105551
105554
105557
105561
105579
105596
105600
105604
105617
105664
105680
105686
105689
105692
105699
105703
105706
105717
105722
105725
105730
105849
105852
105869
105873
105877
105880
105883
105886
105890
105917
105944
105951
105955
105961
105964
105970
105973
105978
105983
105997
106001
106011
106019
106022
106026
106043
106062
106193
106196
106213
106216
106221
106224
106227
106231
106235
106245
106249
106255
106258
106269
106279
106299
106304
106307
106311
106314
106317
106320
106328
106331
106335
106348
106367
106375
106384
106388
106397
106403
106406
106409
106416
106423
106426
106429
106432
106436
106439
106443
106446
106491
106508
106517
106521
106525
106528
106531
106534
106553
106557
106562
106575
106590
106605
106618
106626
106643
106657
106669
106673
106676
106680
106683
106686
106689
106692
106703
106715
106745
106764
106787
106798
106802
106805
106811
106822
106835
106841
106844
106857
106860
106866
106870
106875
106903
106907
106915
106918
106921
106927
106930
106942
106948
106960
106963
106966
106980
106995
107031
107042
107048
107053
107058
107061
107070
107076
107122
107126
107143
107147
107150
107154
107161
107169
107172
107179
107182
107185
107188
107206
107246
107281
107296
107307
107310
107318
107321
107324
107330
107333
107339
107342
107346
107349
107355
107370
107374
107460
107468
107480
107487
107494
107501
107504
107508
107515
107534
107564
107602
107613
107622
107632
107638
107658
107666
107670
107674
107681
107685
107689
107693
107712
107723
107735
107742
107765
107775
107780
107861
107865
107876
107891
107899
107906
107910
107925
107932
107937
107946
107967
107971
107974
107978
107983
107987
108116
108122
108125
108131
108135
108138
108150
108153
108156
108160
108163
108166
108169
108173
108176
108180
108183
108187
108191
108209
108280
108297
108307
108313
108316
108319
108328
108341
108351
108360
108363
108367
108371
108374
108379
108383
108389
108392
108399
108403
108411
108416
108422
108429
108448
108473
108478
108489
108496
108606
108610
108613
108616
108620
108623
108630
108647
108654
108658
108673
108676
108682
108685
108688
108710
108720
108774
108779
108783
108789
108792
108798
108807
108816
109006
109012
109015
109018
109024
109027
109030
109037
109040
109044
109050
109077
109091
109102
109204
109207
109210
109213
109216
109220
109223
109226
109229
109233
109236
109240
109243
109246
109249
109252
109255
109258
109262
109265
109268
109271
109274
109277
109280
109283
109286
109289
109295
109298
109302
109306
109310
109325
109334
109357
109362
109372
109385
109466
109469
109472
109474
109481
109484
109488
109492
109505
109508
109511
109517
109520
109523
109526
109560
109562
109593
109599
109602
109610
109614
109620
109629
109641
109645
109650
109653
109656
109660
109665
109669
109674
109683
109694
109738
109749
109760
109767
109777
109785
109794
109800
109810
109926
109929
109932
109938
109941
109945
109952
109956
109959
109963
109967
109970
109973
109977
109985
109988
109991
109994
110002
110007
110044
110052
110061
110065
110069
110077
110117
110125
110130
110148
110151
110155
110161
110165
110185
110196
110209
110214
110231
110234
110239
110254
110264
110273
110285
110293
110298
110314
110317
110322
110325
110331
110343
110439
110446
110460
110463
110469
110473
110476
110482
110485
110492
110498
110505
110508
110516
110519
110527
110531
110543
110593
110709
110715
110720
110723
110731
110735
110738
110742
110747
110750
110753
110757
110760
110767
110774
110788
110801
110805
110812
110826
110836
110888
110892
110895
110898
110979
110982
110985
110989
110994
110999
111125
111129
111136
111141
111153
111163
111169
111172
111177
111180
111183
111188
111191
111194
111197
111200
111203
111206
111215
111218
111221
111227
111230
111233
111239
111379
111384
111396
111399
111402
111405
111408
111412
111421
111424
111427
111431
111434
111437
111443
111451
111460
111470
111483
111495
111500
111514
111520
111523
111535
111556
111559
111575
111583
111588
111697
111720
111724
111727
111731
111734
111743
111751
111755
111759
111762
111766
111773
111776
111780
111801
111804
111808
111811
111815
111822
111827
111831
111834
111837
111840
111846
111852
111858
111869
111873
111877
111885
111889
111920
111931
111939
111944
111952
111965
111972
111981
111991
112001
112006
112014
112024
112029
112036
112053
112061
112067
112073
112079
112096
112103
112113
112120
112133
112142
112145
112149
112154
112159
112165
112187
112196
112202
112208
112229
112233
112238
112244
112250
112255
112264
112267
112287
112305
112318
112329
112391
112399
112402
112408
112418
112425
112461
112471
112477
112481
112484
112493
112496
112499
112507
112563
112573
112576
112626
112629
112637
112641
112644
112647
112650
112653
112656
112659
112665
112672
112675
112685
112688
112691
112695
112705
112736
112760
112783
112789
112793
112804
112820
112828
112842
112878
112910
112913
112920
112924
112927
112931
112939
112950
112960
112968
112996
113001
113006
113014
113017
113023
113026
113032
113048
113054
113074
113103
113113
113124
113161
113167
113189
113192
113278
113290
113308
113314
113320
113323
113330
113333
113350
113354
113357
113360
113363
113366
113372
113376
113380
113388
113391
113395
113398
113402
113411
113417
113423
113429
113435
113453
113472
113475
113478
113481
113490
113501
113506
113546
113552
113555
113571
113574
113589
113598
113612
113615
113620
113677
113700
113708
113716
113719
113726
113763
113766
113768
113772
113780
113784
113787
113794
113831
113843
113855
113907
113936
113959
113962
113965
113976
113980
114013
114019
114042
114055
114058
114061
114064
114075
114128
114147
114155
114158
114162
114168
114171
114174
114181
114207
114210
114215
114245
114253
114283
114294
114297
114317
114322
114359
114383
114392
114424
114441
114484
114487
114493
114496
114499
114507
114520
114523
114526
114537
114540
114550
114559
114563
114568
114572
114575
114578
114581
114584
114587
114593
114596
114599
114602
114605
114623
114627
114639
114647
114650
114655
114659
114663
114671
114722
114746
114770
114773
114809
114818
114830
114833
114836
114839
114842
114845
114849
114858
114868
114875
114879
114896
114899
114906
114910
114917
114972
114980
115001
115005
115017
115057
115061
115107
115128
115137
115150
115158
115162
115166
115172
115176
115180
115226
115229
115233
115241
115248
115270
115276
115300
115303
115311
115316
115334
115392
115398
115401
115404
115424
115442
115456
115468
115477
115531
115669
115673
115676
115682
115698
115713
115716
115720
115729
115733
115739
115754
115759
115763
115772
115775
115784
115787
115795
115799
115808
115813
115816
115825
115828
115831
115834
115837
115840
115847
115850
115854
115861
115872
115875
115881
115884
115887
115890
115893
115896
115899
115902
115905
115908
115911
115914
115917
115920
115923
115929
115932
115935
115938
115941
115944
115947
115950
115954
115974
115977
115988
116003
116009
116037
116053
116057
116061
116072
116085
116101
116151
116160
116170
116177
116194
116205
116208
116212
116215
116218
116249
116255
116267
116279
116291
116363
116377
116386
116394
116400
116409
116412
116415
116423
116430
116433
116437
116466
116473
116476
116486
116502
116506
116515
116525
116528
116536
116542
116553
116587
116608
116612
116620
116624
116637
116669
116676
116679
116688
116697
116700
116706
116709
116712
116715
116718
116721
116724
116728
116733
116739
116746
116759
116768
116771
116774
116783
116789
116792
116795
116801
116804
116807
116813
116816
116828
116840
116846
116852
116858
116864
116867
116870
116879
116885
116909
116941
116947
116953
116956
116966
116979
116982
116997
117003
117008
117012
117015
117024
117061
117100
117137
117154
117188
117196
117249
117257
117266
117273
117276
117282
117285
117295
117298
117301
117304
117308
117321
117325
117336
117344
117358
117373
117396
117428
117437
117443
117446
117450
117457
117464
117476
117491
117501
117504
117511
117533
117536
117562
117565
117576
117592
117598
117609
117636
117645
117653
117673
117681
117695
117706
117714
117717
117735
117738
117741
117771
117777
117781
117804
117812
117819
117822
117858
117867
117872
117875
117927
117931
117934
117943
117953
117958
117971
117974
117982
117987
117998
118016
118050
118077
118098
118109
118115
118120
118132
118135
118139
118143
118146
118150
118155
118200
118204
118224
118229
118232
118263
118275
118285
118287
118291
118309
118313
118318
118332
118436
118441
118445
118451
118518
118535
118550
118566
118576
118636
118643
118650
118662
118682
118711
118717
118720
118723
118727
118735
118765
118770
118800
118815
118844
118862
118876
118879
118883
118950
118956
118964
118970
118976
118985
119016
119024
119031
119045
119056
119059
119062
119065
119079
119102
119114
119120
119125
119132
119140
119143
119158
119161
119176
119191
119194
119238
119241
119256
119269
119273
119277
119281
119284
119287
119293
119297
119300
119306
119310
119323
119329
119337
119343
119347
119353
119369
119378
119386
119409
119412
119415
119418
119427
119430
119432
119436
119442
119445
119463
119479
119485
119495
119499
119502
119505
119511
119514
119520
119523
119526
119529
119541
119553
119568
119571
119574
119577
119580
119583
119586
119595
119601
119604
119607
119610
119619
119622
119625
119628
119654
119667
119674
119701
119737
119754
119763
119795
119806
119811
119817
119823
119826
119829
119833
119839
119848
119851
119857
119892
119895
119904
119946
119950
119959
119977
119988
120012
120020
120027
120033
120036
120040
120046
120059
120126
120129
120132
120138
120141
120145
120166
120169
120174
120184
120187
120190
120209
120212
120230
120234
120241
120244
120255
120258
120262
120275
120278
120287
120326
120344
120387
120428
120431
120469
120511
120514
120702
120816
120822
120845
120849
120854
120857
120860
120865
120881
120889
120893
120901
120907
120912
120917
120923
120931
120934
120937
120943
120947
120950
120953
120956
120959
120968
120971
120975
120981
120989
120995
120998
121004
121007
121016
121019
121025
121034
121037
121041
121044
121050
121053
121056
121062
121064
121074
121075
121090
121093
121101
121103
121108
121119
121123
121131
121134
121140
121143
121146
121152
121162
121169
121190
121204
121221
121232
121240
121261
121273
121279
121289
121295
121298
121301
121326
121330
121338
121403
121442
121453
121459
121462
121465
121468
121471
121489
121492
121495
121503
121506
121509
121512
121515
121518
121522
121537
121545
121563
121572
121590
121597
121602
121610
121618
121626
121639
121642
121645
121648
121652
121668
121676
121683
121694
121700
121703
121707
121717
121720
121735
121739
121747
121758
121761
121776
121801
121807
121827
121839
121852
121864
121873
121886
121926
121939
121942
121945
121948
121958
121987
122018
122022
122025
122030
122037
122054
122059
122062
122065
122085
122089
122094
122097
122105
122112
122138
122159
122166
122172
122187
122195
122216
122247
122257
122270
122280
122291
122295
122301
122304
122307
122310
122317
122323
122326
122340
122344
122350
122357
122360
122363
122371
122379
122382
122384
122387
122414
122421
122429
122445
122456
122598
122629
122633
122639
122645
122661
122683
122695
122705
122709
122715
122729
122732
122743
122746
122749
122765
122771
122775
122780
122795
122807
122824
122831
122842
122846
122850
122860
122869
122878
122899
122923
122927
122930
122933
122936
122939
122955
122960
122967
122982
122990
123012
123032
123037
123046
123052
123055
123076
123080
123083
123086
123094
123099
123102
123124
123128
123136
123181
123194
123201
123218
123226
123229
123239
123250
123253
123258
123263
123266
123280
123295
123306
123316
123319
123343
123347
123362
123366
123373
123378
123381
123399
123406
123409
123412
123416
123420
123424
123435
123443
123449
123454
123462
123467
123510
123516
123574
123625
123631
123634
123637
123640
123645
123660
123666
123671
123677
123685
123691
123701
123704
123711
123718
123745
123749
123757
123769
123776
123780
123785
123827
123839
123858
123889
123938
123949
123984
124009
124016
124046
124069
124076
124114
124125
124135
124148
124164
124170
124173
124180
124202
124225
124279
124286
124290
124293
124296
124299
124302
124305
124321
124326
124329
124332
124338
124356
124381
124384
124391
124405
124413
124416
124419
124422
124433
124437
124440
124444
124454
124459
124466
124475
124479
124484
124492
124517
124521
124528
124545
124552
124571
124587
124599
124622
124625
124636
124640
124643
124657
124661
124677
124686
124692
124715
124734
124749
124757
124768
124846
124975
125110
125117
125122
125125
125128
125134
125138
125150
125153
125156
125161
125168
125172
125176
125180
125188
125193
125200
125205
125209
125220
125224
125232
125236
125240
125243
125247
125265
125292
125301
125312
125315
125319
125323
125332
125338
125345
125349
125355
125359
125380
125397
125418
125448
125456
125461
125470
125482
125496
125516
125529
125537
125544
125550
125555
125582
125585
125589
125593
125603
125611
125622
125632
125639
125645
125656
125660
125674
125677
125681
125690
125693
125696
125718
125766
125804
125808
125983
125987
125991
125998
126002
126007
126023
126031
126038
126042
126060
126066
126072
126075
126078
126084
126099
126109
126113
126147
126151
126162
126237
126256
126354
126547
126557
126586
126604
126610
126617
126623
126630
126635
126641
126647
126654
126682
126690
126693
126705
126728
126743
126757
126775
126785
126795
126805
126810
126817
126836
126848
126857
126863
126869
126881
126896
126913
126919
126931
126964
126967
126970
126985
126991
126994
126997
127003
127008
127023
127036
127040
127050
127117
127120
127132
127139
127155
127182
127198
127202
127206
127214
127225
127228
127235
127255
127258
127264
127271
127275
127285
127295
127309
127365
127488
127535
127642
127645
127651
127654
127657
127669
127678
127681
127697
127700
127703
127706
127709
127712
127715
127718
127721
127740
127743
127746
127749
127752
127755
127758
127768
127774
127777
127783
127789
127792
127795
127804
127810
127820
127830
127835
127838
127848
127854
127857
127873
127876
127879
127886
127894
127918
127922
127938
127960
127968
127975
127981
127989
127999
128017
128044
128065
128069
128072
128076
128080
128088
128096
128099
128106
128111
128122
128125
128128
128133
128137
128148
128156
128162
128171
128175
128187
128192
128196
128204
128207
128212
128225
128235
128256
128259
128263
128288
128296
128302
128331
128347
128356
128376
128379
128389
128395
128399
128402
128406
128409
128416
128425
128432
128452
128473
128478
128482
128487
128494
128497
128508
128515
128519
128522
128525
128531
128543
128547
128552
128560
128568
128586
128589
128591
128596
128599
128606
128611
128614
128625
128628
128632
128635
128645
128650
128653
128656
128660
128666
128669
128676
128679
128682
128694
128703
128707
128741
128747
128752
128756
128817
128839
128850
128858
128862
128865
128881
128884
128887
128892
128908
128922
128928
128935
128947
128963
128966
128973
128978
128986
129048
129054
129069
129073
129077
129083
129086
129089
129092
129095
129099
129103
129116
129121
129152
129156
129163
129166
129169
129172
129177
129180
129183
129198
129220
129227
129233
129251
129254
129258
129261
129268
129281
129286
129292
129300
129307
129314
129317
129336
129345
129380
129386
129415
129433
129447
129496
129528
129546
129549
129554
129558
129561
129564
129567
129570
129580
129590
129601
129613
129627
129643
129649
129660
129672
129675
129678
129681
129699
129706
129711
129714
129717
129720
129728
129737
129746
129753
129762
129769
129772
129779
129785
129791
129798
129807
129827
129845
129889
129961
130001
130012
130030
130034
130041
130053
130062
130066
130069
130078
130092
130125
130132
130139
130158
130161
130165
130169
130172
130177
130183
130197
130201
130208
130211
130219
130223
130227
130231
130251
130255
130261
130264
130270
130274
130279
130285
130292
130295
130298
130303
130310
130321
130333
130339
130342
130351
130356
130364
130367
130373
130376
130397
130434
130443
130468
130473
130494
130509
130514
130533
130550
130553
130559
130576
130589
130592
130595
130599
130602
130605
130616
130620
130624
130638
130641
130647
130650
130653
130656
130662
130686
130699
130708
130714
130717
130722
130728
130731
130749
130752
130756
130760
130769
130772
130794
130797
130803
130812
130816
130854
130857
130865
130869
130882
130886
130891
130915
130943
130975
130982
131004
131007
131014
131017
131037
131053
131057
131060
131070
131073
131081
131087
131099
131102
131126
131129
131142
131182
131187
131213
131216
131220
131223
131226
131229
131240
131244
131251
131255
131260
131305
131311
131318
131324
131347
131354
131359
131372
131377
131387
131403
131406
131409
131412
131415
131429
131456
131472
131484
131497
131533
131567
131576
131598
131634
131638
131646
131656
131672
131707
131711
131724
131727
131742
131745
131763
131767
131779
131805
131817
131828
131835
131838
131844
131853
131856
131863
131873
131879
131888
131902
131911
131914
131919
131922
131925
131931
131938
131988
131991
131994
132000
132003
132006
132012
132015
132018
132021
132026
132029
132032
132035
132041
132050
132056
132059
132062
132065
132068
132071
132074
132077
132080
132093
132096
132103
132108
132115
132118
132138
132161
132178
132192
132254
132308
132323
132327
132330
132336
132342
132346
132349
132355
132358
132361
132364
132384
132387
132393
132413
132427
132434
132437
132450
132464
132467
132479
132489
132492
132506
132534
132552
132561
132564
132567
132570
132576
132581
132587
132591
132595
132602
132611
132614
132622
132625
132632
132638
132648
132658
132661
132667
132670
132692
132701
132707
132714
132721
132729
132752
132758
132783
132857
132867
132870
132888
132922
132952
133003
133034
133039
133045
133058
133064
133072
133087
133104
133154
133176
133179
133186
133195
133201
133207
133210
133226
133293
133298
133333
133349
133365
133379
133400
133423
133432
133459
133529
133534
133555
133558
133561
133568
133572
133603
133636
133684
133708
133755
133787
133797
133804
133813
133822
133831
133835
133842
133845
133848
133851
133856
133881
133891
133897
133900
133909
133912
133915
133922
133932
133947
133976
134019
134022
134030
134045
134058
134079
134082
134085
134101
134105
134131
134166
134181
134191
134196
134201
134213
134220
134244
134248
134252
134276
134283
134290
134331
134385
134401
134404
134413
134416
134420
134426
134429
134435
134546
134553
134565
134569
134582
134599
134602
134605
134642
134645
134649
134652
134655
134662
134669
134681
134687
134706
134718
134721
134724
134727
134730
134750
134767
134800
134814
134867
134931
134935
134950
135003
135029
135050
135072
135102
135112
135115
135130
135140
135167
135170
135226
135284
135293
135327
135341
135361
135383
135386
135395
135398
135411
135420
135427
135431
135434
135441
135467
135470
135475
135483
135498
135524
135537
135595
135612
135643
135647
135653
135683
135686
135690
135693
135696
135699
135702
135709
135723
135728
135747
135753
135769
135772
135795
135798
135812
135820
135839
135844
135879
135890
135907
135917
135922
135946
135961
135982
135995
135999
136005
136088
136105
136108
136133
136150
136160
136175
136178
136182
136191
136197
136203
136213
136225
136230
136235
136241
136253
136262
136331
136421
136454
136457
136472
136479
136597
136600
136657
136665
136679
136733
136790
136795
136803
136825
136837
136852
136861
136868
136876
136900
136916
136924
136928
136939
136973
136994
137002
137027
137033
137069
137073
137087
137090
137093
137099
137117
137132
137140
137147
137168
137172
137198
137202
137205
137208
137212
137228
137237
137259
137262
137265
137270
137280
137312
137319
137331
137339
137348
137371
137374
137381
137405
137414
137417
137437
137444
137447
137468
137471
137512
137553
137586
137615
137622
137632
137660
137667
137673
137744
137755
137774
137795
137803
137829
137853
137873
137882
137920
137974
137977
137995
138000
138007
138027
138043
138056
138059
138067
138070
138076
138082
138085
138102
138120
138123
138135
138138
138141
138149
138158
138166
138182
138185
138209
138219
138296
138379
138423
138431
138450
138500
138516
138540
138543
138570
138603
138606
138609
138613
138638
138650
138682
138697
138716
138755
138758
138771
138789
138835
138843
138846
138852
138855
138863
138892
138914
138917
138920
138923
138929
138946
138952
138971
139002
139040
139043
139055
139068
139078
139082
139085
139097
139108
139113
139116
139119
139122
139142
139145
139153
139260
139291
139296
139301
139308
139337
139347
139380
139451
139461
139477
139484
139497
139537
139553
139574
139609
139621
139624
139631
139633
139637
139641
139645
139649
139654
139658
139670
139673
139714
139721
139730
139768
139775
139800
139814
139817
139868
139871
139891
139908
139912
139921
139950
139993
139999
140005
140080
140087
140090
140114
140133
140151
140186
140214
140222
140299
140307
140411
140439
140467
140472
140482
140501
140536
140546
140549
140554
140582
140640
140662
140671
140674
140677
140691
140701
140738
140779
140784
140787
140820
140867
140970
141039
141052
141066
141072
141096
141103
141110
141118
141121
141124
141127
141140
141151
141157
141160
141166
141169
141172
141179
141184
141193
141227
141240
141246
141249
141280
141283
141314
141319
141322
141343
141355
141365
141375
141383
141387
141397
141414
141417
141421
141426
141440
141446
141464
141470
141474
141483
141496
141506
141523
141557
141590
141600
141666
141682
141688
141694
141700
141718
141721
141727
141730
141736
141739
141747
141771
141775
141803
141812
141831
141839
141842
141850
141853
141856
141859
141862
141872
141875
141883
141900
141904
141907
141917
141940
141956
141959
141977
142007
142036
142041
142072
142116
142169
142175
142195
142240
142249
142252
142255
142258
142265
142289
142302
142305
142308
142322
142332
142344
142350
142364
142372
142399
142435
142455
142458
142467
142531
142555
142584
142605
142615
142622
142626
142641
142654
142665
142671
142688
142697
142706
142731
142741
142769
142772
142830
142836
142902
142948
142968
142971
142994
143018
143042
143053
143061
143079
143115
143121
143124
143127
143130
143136
143156
143160
143167
143180
143231
143252
143255
143258
143264
143268
143271
143283
143287
143291
143301
143318
143341
143349
143370
143390
143397
143413
143435
143438
143453
143463
143472
143487
143495
143508
143516
143529
143545
143593
143596
143602
143610
143618
143656
143698
143706
143735
143762
143805
143836
143844
143873
143898
143950
144038
144041
144052
144060
144063
144085
144111
144114
144131
144153
144156
144163
144175
144179
144183
144194
144198
144221
144246
144265
144272
144297
144316
144386
144389
144416
144419
144428
144436
144444
144452
144455
144458
144461
144465
144468
144472
144475
144480
144483
144486
144489
144493
144503
144506
144509
144512
144515
144518
144521
144526
144554
144558
144603
144624
144627
144638
144655
144666
144674
144682
144687
144693
144731
144758
144761
144770
144773
144776
144779
144784
144791
144794
144808
144821
144841
144844
144847
144854
144884
144895
144930
144943
144956
145102
145106
145111
145114
145118
145134
145137
145152
145183
145193
145214
145231
145239
145245
145252
145286
145294
145297
145306
145332
145404
145505
145513
145526
145534
145543
145552
145562
145585
145591
145599
145620
145631
145641
145647
145690
145702
145712
145732
145737
145754
145758
145765
145774
145800
145843
145880
145930
145936
145943
145995
146095
146099
146108
146127
146233
146236
146239
146259
146264
146271
146286
146336
146340
146346
146350
146366
146370
146380
146407
146420
146427
146430
146443
146524
146549
146579
146600
146623
146630
146636
146657
146664
146671
146752
146778
146802
146825
146829
146832
146837
146842
146856
146860
146886
146890
146895
146900
146911
146979
147003
147009
147030
147043
147049
147089
147095
147127
147148
147166
147176
147209
147222
147235
147238
147264
147282
147319
147356
147385
147394
147412
147423
147431
147445
147453
147460
147482
147497
147534
147567
147591
147628
147650
147725
147731
147741
147765
147780
147809
147818
147822
147827
147831
147840
147857
147868
147880
147888
147895
147907
147954
147978
147992
148007
148011
148021
148028
148038
148043
148066
148073
148130
148134
148147
148208
148213
148258
148296
148301
148308
148396
148454
148457
148474
148487
148570
148588
148596
148603
148623
148639
148646
148711
148714
148728
148739
148742
148765
148779
148786
148941
148948
148956
148968
148974
148977
148980
148983
148989
149004
149007
149010
149016
149023
149028
149035
149039
149045
149049
149055
149061
149068
149094
149098
149111
149120
149126
149131
149155
149193
149196
149226
149234
149242
149245
149252
149259
149266
149301
149309
149312
149346
149350
149366
149401
149522
149540
149558
149591
149594
149597
149601
149607
149679
149701
149732
149740
149778
149782
149828
149866
149876
149887
149891
149897
149900
149903
149909
149912
149915
149918
149922
149931
149936
149942
149945
149948
149951
149954
149957
149960
149963
149966
149969
149990
150000
150105
150161
150198
150206
150211
150215
150221
150238
150247
150274
150295
150299
150307
150318
150321
150324
150332
150345
150348
150351
150354
150393
150401
150421
150424
150453
150456
150473
150486
150503
150515
150518
150547
150561
150566
150573
150580
150586
150603
150612
150616
150636
150650
150732
150779
150850
150858
150886
150906
150916
150919
150952
150960
150983
151012
151016
151027
151030
151048
151054
151063
151078
151119
151145
151159
151180
151183
151208
151211
151216
151223
151364
151401
151408
151411
151418
151423
151441
151454
151465
151474
151482
151490
151510
151517
151581
151587
151613
151653
151661
151666
151680
151721
151727
151733
151770
151784
151791
151839
151852
151860
151863
151874
151920
151930
151934
151937
152013
152046
152060
152072
152083
152096
152108
152120
152128
152136
152161
152170
152212
152271
152288
152326
152339
152373
152376
152382
152385
152395
152405
152418
152432
152445
152466
152488
152494
152507
152524
152559
152565
152600
152603
152634
152650
152653
152667
152670
152718
152727
152789
152792
152808
152820
152853
152866
152883
152898
152975
152978
152995
153018
153069
153086
153100
153104
153131
153183
153237
153245
153248
153281
153285
153329
153345
153480
153535
153617
153627
153630
153638
153645
153654
153671
153681
153690
153741
153770
153790
153797
153801
153831
153844
153847
153853
153866
153869
153876
153879
153882
153885
153888
153912
153916
153924
153970
154023
154046
154081
154102
154105
154111
154114
154121
154128
154194
154206
154213
154216
154219
154222
154227
154230
154246
154273
154346
154429
154444
154462
154494
154517
154565
154571
154574
154601
154612
154615
154618
154625
154628
154631
154634
154649
154652
154655
154708
154786
154793
154796
154820
154857
154872
154879
154901
154911
154916
154920
154923
154929
154945
154946
155013
155035
155050
155071
155087
155090
155094
155113
155233
155250
155263
155278
155288
155333
155340
155351
155357
155363
155381
155384
155407
155410
155416
155431
155436
155441
155456
155461
155470
155484
155488
155538
155541
155580
155603
155610
155617
155620
155627
155683
155686
155716
155754
155803
155880
155890
155950
155964
155967
155970
155973
155999
156008
156054
156058
156079
156085
156104
156119
156124
156127
156130
156136
156139
156142
156145
156148
156154
156157
156160
156163
156166
156173
156186
156197
156218
156318
156322
156326
156332
156346
156349
156352
156355
156361
156364
156397
156428
156432
156436
156443
156447
156459
156466
156469
156472
156509
156521
156561
156564
156579
156584
156587
156592
156595
156600
156610
156617
156627
156656
156738
156793
156798
156817
156823
156844
156855
156875
156889
156892
156895
156898
156910
156913
156920
156923
156930
156933
156936
156943
156946
156952
156955
156963
156966
156975
157229
157433
157563
157949
158040
160531
161021
161570
161716
164725
165374
166052
166947
168250
168740
169644
169656
170125
170155
170198
170363
170635
171150
171866
171873
172169
172724
173320
173441
174313
175064
175763
176401
176523
177078
177298
177533
177884
177891
178833
178848
179047
180069
180675
181459
181666
181674
181987
182006
182504
182835
182864
183098
183105
183307
183683
183719
184019
184234
184501
184590
185189
185255
186307
186923
187209
187316
189086
189390
189521
189550
189967
192046
193355
193743
194804
195948
199950
200004
200310
200426
201029
202677
202693
202786
205418
205531
206337
206409
207206
207370
207931
207938
207947
210363
210662
211117
211538
211972
211976
211990
212053
213681
214068
214507
214762
216740
216975
218084
221160
224249
225452
225537
226567
229214
231877
234736
234904
237723
240594
241175
241886
242899
243444
243447
244341
244466
244704
245014
246081
246355
246652
247122
247167
247346
248966
249523
249687
252165
252744
252758
255339
255897
256065
257269
257446
258102
258126
258236
259003
259339
260183
260298
261917
269381
269567
270450
271250
272031
272225
275760
284899
285094
285396
286925
287357
288228
289680
291257
291711
293314
295755
295818
296628
296775
300112
304175
304530
305229
305797
310130
310471
311795
318311
318861
322465
323809
326158
327698
327978
330146
330205
331363
331577
331946
332721
332733
332840
333205
334488
338528
339182
339199
339531
340782
340913
343435
343796
346881
348678
350550
352172
352932
353953
355759
355779
356793
358680
359617
359693
359734
361078
362880
362920
365309
366228
370712
371885
372035
374403
374418
374633
374708
374899
375649
376478
376638
377485
378253
378658
381315
381520
381821
383655
384788
384963
385630
386076
386109
386515
386705
387468
387876
389738
390026
390469
390525
390692
391851
392783
393478
393490
394101
394626
395613
396971
398137
398646
399322
400010
400394
400647
400707
401774
402432
403493
404792
404911
405639
405744
405874
406004
407330
407590
407844
408883
409123
409270
409848
409915
410192
410268
410311
410423
410513
410865
414490
414524
414769
414867
414878
415012
415100
415354
415661
415708
415813
416381
416397
416417
416464
416497
416791
417240
417302
417442
418051
418196
418271
418294
418678
418681
418688
418875
418887
419122
419128
419142
419157
419231
419621
419799
419812
419924
157048
157094
157115
157118
157143
157164
157180
157208
157247
157267
157286
157311
157338
157351
157373
157420
157469
157484
157513
157519
157526
157537
157540
157543
157546
157574
157603
157613
157627
157636
157643
157646
157651
157677
157686
157805
157818
157827
157830
157845
157850
157853
157891
157898
157932
157966
157991
157012
157015
157072
157080
157122
157201
157298
157370
157376
157454
157457
157507
157516
157522
157534
157560
157577
157594
157599
157639
157772
157815
157835
157944
157132
157189
157367
157553
157557
157606
157723
157812
157146
157170
157354
157379
157427
157531
157549
157633
157654
157657
157660
157673
159006
158037
158253
158259
159386
158548
159642
159850
158879
158981
158025
158049
158052
158058
158070
158082
158091
158241
158328
159427
159034
159068
159071
159091
159199
159240
159253
159356
159360
158462
159438
158491
159463
158528
159512
158624
159686
158731
159721
158802
158817
158833
158884
159868
159873
158935
159899
159916
159930
159935
158977
159943
158019
159986
158028
158031
158034
158046
158061
158067
158073
158079
159043
158088
158313
158407
158410
158428
158437
158468
158477
158525
158551
158569
158576
158593
158842
159907
159920
159923
159954
159980
159983
159989
159016
159065
159156
159187
159249
158421
159473
158506
158598
159649
158746
158763
159806
159813
158850
161037
161049
158918
162085
158927
158938
162112
161129
161132
161135
158965
158968
161139
159960
162195
158043
158055
158085
161254
162265
162289
162294
162300
158165
161325
160339
162349
162356
160382
162366
160392
162378
162392
160416
162401
162404
160426
162430
162434
160476
160481
160484
158340
162486
161498
162507
162510
162519
162524
160579
161588
158473
162598
162617
161645
162637
162640
162643
161661
162667
158562
160710
160721
159550
160731
161724
161727
159583
160765
162748
162751
162754
162757
162766
162769
162772
162775
162782
161807
160830
162810
162813
161838
161844
160855
162831
161856
162843
161859
160877
161871
161881
162878
161903
161906
160921
161918
160943
162917
160946
161937
162928
162936
162942
161965
162953
162957
162977
161996
162000
162986
162989
162992
162037
161396
161540
160570
159468
161594
161793
158787
162050
160067
162142
159046
159054
159061
162172
159086
162184
162187
159141
159190
162398
162408
158454
159374
158494
162503
158582
162628
159544
162647
159558
162655
158690
158701
162763
158836
158839
161848
162866
161878
161909
162963
161989
159939
162047
160064
162175
161188
160242
162258
162273
161265
162328
160371
160389
160400
161399
160419
161431
161537
161543
161562
160591
160597
161597
159547
160647
160695
160707
159659
161790
160899
160918
160936
160954
160995
160165
160172
162319
161426
162534
162544
162606
162800
162861
161787
160848
162909
162912
161841
162914
162924
162969
161956
160035
160049
162145
160191
161196
160254
161251
160281
161259
161271
161282
161301
161315
160347
160363
160386
161520
161549
161582
161601
160701
160704
160788
160807
160810
160827
160870
160885
160895
162092
162124
161068
159175
162308
162395
160375
162475
162590
162835
160727
162920
161830
162965
161833
161852
161885
162042
161929
159912
162121
161297
161387
162716
160586
161652
161696
160684
161782
160989
160046
160057
160179
160303
160317
160352
160488
160492
161631
162154
161062
161117
162335
162460
161262
161437
160471
161628
160982
160074
160734
169003
171008
169010
169015
163019
173020
169031
163033
171052
173041
163048
171057
163058
171066
173085
165097
171086
169115
173096
173101
165127
165132
173110
173122
169148
169153
169157
171153
169163
173138
165177
171172
163163
169177
163166
169189
173164
165208
173171
165214
171200
171208
169214
169229
163205
165238
165248
169246
171246
165257
169253
169256
169259
173238
165267
165271
167288
165280
173254
165291
169284
169287
173269
169292
163276
171298
163305
173304
165334
173307
173311
163315
167364
173324
165349
173330
165353
165358
173339
171356
163331
173343
167383
169375
163347
163350
169384
165387
169387
173360
173364
169402
171405
165413
171408
165418
173384
165428
163401
167435
163408
167441
165440
173412
163423
163426
169438
173419
173422
167458
171456
165463
165472
165479
163445
167485
165483
165486
165492
173459
165495
163462
173470
163468
165509
173486
163484
173489
173492
173495
163487
165528
171534
169518
171543
171552
173519
171555
169525
163514
171565
173526
163520
173532
163529
165581
171590
167604
163546
171601
169566
173560
173568
169576
165618
171620
165629
163563
171640
165666
163601
173627
165676
173642
169632
165680
165683
173648
173651
165694
163641
165720
163646
171719
173676
163649
163653
171743
173692
173695
173699
165754
163669
173703
173706
169706
163684
165768
171767
171793
169746
169756
165826
173785
173790
171838
171843
173810
169807
169811
169818
173835
169826
171894
169850
169856
171913
171916
173869
171919
169863
171926
169869
171930
165944
171933
171939
169905
167983
166007
171981
163919
171997
163943
172001
163947
173924
163953
169961
172015
163960
172018
173932
169973
163964
173937
172025
173943
163982
172040
163997
170012
170015
170020
173978
172056
172070
164018
164021
170035
170040
170043
166129
164040
164044
170056
172092
170059
174025
164055
174028
170068
174031
166153
166157
170079
166163
172117
174048
170098
164082
174058
170107
174062
164091
164095
166191
174069
172142
170116
174075
174081
174084
166207
172157
172181
168209
168221
174112
166245
164149
174125
170172
168246
168271
164198
170223
170232
172294
174208
170273
174259
172368
170321
168408
170329
170332
168417
164302
168426
170341
174305
170347
168443
172413
174324
174344
174353
170390
170394
174356
170398
166495
170420
170423
174377
174380
174386
164391
174389
174392
168525
174398
170440
174404
168536
170450
174414
174417
164423
170461
174425
174448
164462
170498
174464
174467
164472
170516
168599
174483
164476
170531
174493
174496
164492
164495
168624
174522
170548
164509
168633
164525
164533
174553
164549
164555
164558
164565
172638
164570
164586
164589
164592
170620
170631
164613
164618
170641
164628
168759
168762
168774
170688
168778
168782
168785
172744
168791
172752
168795
170704
174693
172764
168806
164700
174707
168819
170728
168831
164717
172802
168842
168847
172811
174737
164737
168857
168879
172849
174768
174772
174776
174780
168896
174791
174794
164811
164829
172901
174823
164843
164847
174842
172919
170858
174858
168972
172936
174861
164863
172948
174870
168983
164876
174888
165028
165046
164903
172992
170978
165104
165109
164998
165143
173014
165154
173046
173054
173064
163080
173072
165242
165260
165264
171222
171227
165287
173152
165300
173188
169262
165321
173201
173209
163209
171306
163229
165365
163239
163249
173263
165402
171364
171368
169351
169357
169372
165455
165459
169393
169412
165489
163367
173350
173367
163404
173374
171495
165548
173390
165558
165565
165578
171560
165635
171593
163523
165656
169597
165673
171666
169647
163609
163614
169709
169749
171786
169799
171820
169815
169822
169834
169878
166000
169927
166010
166062
166097
170053
170074
166146
164001
166198
168261
170384
170406
170482
170535
164413
170571
168508
168545
164499
170664
164518
164529
174583
170734
172682
164595
172712
168679
170775
170795
170828
168737
164684
174696
170845
164706
164755
170897
164794
168872
168899
170989
164979
171096
171229
169316
163175
169338
173251
171327
165498
163376
165535
165554
171475
165575
173537
173565
173624
169712
165670
171605
163680
169829
173779
173782
163735
165812
173829
171776
173940
169989
169993
173963
171905
167989
167993
168008
170083
174072
164028
170147
172021
170184
172079
168182
168190
170264
172136
164177
174279
174289
174318
174321
174335
174338
174359
168414
164420
174504
174519
164486
164506
168539
164536
164546
170638
170655
174800
174814
174828
168788
164825
174855
164909
174891
174894
174897
170956
168909
174966
168948
172858
172862
172885
167001
167029
167042
167153
167181
167203
167207
167237
167240
167301
167305
167310
167316
167320
167331
167338
167358
167405
167515
167546
167555
167561
167567
167579
167588
167719
167767
167852
167884
167896
167944
167954
167964
168023
170095
168101
166221
166261
168255
166351
168309
168374
166432
166435
166458
166489
168457
166520
168501
166547
170608
166646
168648
166697
166713
166736
166764
166869
166911
173032
166953
171045
171048
173078
173092
171108
167064
163148
169099
163152
169119
173167
169143
169173
169183
169232
173273
167200
169249
173292
171291
165231
171295
163380
171336
171339
169364
171376
169396
173462
171426
165399
171443
171453
167408
169477
173529
171486
169529
171517
169545
167492
169580
171572
169586
167543
167549
167564
167576
173673
173679
163731
173745
173761
167698
173776
167715
173813
169803
173848
171860
167839
167843
169911
173911
167868
167892
171965
171976
171984
167929
167941
174015
170119
174200
166175
170211
166194
168159
166240
164368
166252
166272
164410
168227
174368
174374
166333
166347
170387
166363
174454
166376
174470
168347
174489
166418
168355
164539
174510
164552
174513
166465
174546
170502
166483
174568
164631
164638
174586
164649
174602
174605
166536
174619
174622
164670
164673
164688
164728
174675
174681
174684
170650
164770
164774
170746
170762
174817
172770
170772
174834
172775
164881
172779
168682
170791
172795
172805
172818
172825
172840
170835
168771
170852
172869
174947
172877
168825
168837
170915
170937
172922
172928
170962
172952
172970
168930
170993
172986
172989
166988
167136
163360
167224
169378
167361
167417
167521
167533
171637
173803
169715
167682
167722
167733
167861
167950
168091
168095
168098
168150
168293
168297
170427
164483
168365
166585
168674
163023
163027
166821
172898
172945
166876
166881
173082
173089
171004
173107
171030
171039
173149
166975
165009
169193
165038
171156
169218
173257
165076
171184
169240
171197
171237
163420
169319
163434
165168
173378
169347
169381
169390
165224
165235
171350
171353
171372
171386
165315
169487
165327
171459
171466
169532
169535
171483
167444
169542
165391
169589
165444
171597
165532
169681
165544
169692
169699
171730
165653
163906
169902
164032
171891
171899
171902
170008
170030
170062
164187
170191
170195
170208
170218
170242
170282
170291
164399
168267
168290
168334
164573
164610
170523
166366
164624
170538
164691
164731
170665
164778
170695
164835
164853
168659
170783
172718
164890
164897
172738
168726
170831
164930
164949
166692
170861
164956
170867
170872
170893
170909
170918
172891
172895
172904
170982
173113
169169
173295
173429
174038
168331
170509
170562
168554
168945
167006
167252
167376
167622
167650
167888
166425
166501
166595
164924
168665
166705
166768
166792
168851
167160
167350
166255
166356
166636
172910
173144
166893
167448
168240
168278
168577
168890
170476
174362
168967
167273
172913
175017
190003
190006
190015
180036
195032
200035
190046
190049
190058
180075
180078
190067
180085
190070
200064
190074
180096
190081
180099
175110
175122
195091
195094
190104
195098
180125
190107
185118
195109
175148
195113
185133
190125
195117
180149
190128
175160
195121
200134
175174
180166
180170
200147
195142
195146
180182
175199
195168
190192
200190
190195
175230
195187
190202
175235
195191
190210
175249
190216
175252
195208
185234
190222
195215
190228
175261
175264
175267
195230
175273
190248
175285
195247
200263
175291
195253
175297
175303
180304
195266
195275
190287
190291
195286
200306
175333
175336
190310
175351
185339
190322
185350
175369
175381
195347
180394
180398
175401
195355
175404
180409
195365
195368
180439
195393
195396
180448
180462
175463
175469
175475
190443
175481
175484
195436
195439
175491
195442
180495
175494
195447
180504
195465
180519
195473
185519
180540
195493
180557
200542
180573
195521
195530
180586
200566
180589
190558
180595
185582
180598
195553
175620
180620
175626
200611
200615
185625
185628
200626
180650
195605
175665
195611
175678
175681
195631
175691
185672
200676
175703
175706
200690
175712
200696
175722
200701
195667
185710
200708
195675
200715
185729
175759
200739
175767
175777
175781
200761
195727
175794
190764
180806
175832
200814
200823
195794
200833
180863
180873
185855
175876
180888
180892
185870
180913
185898
180923
180928
180940
180949
180953
200933
180965
185943
180968
175987
195943
176009
185994
195961
201003
195964
181032
181035
181044
176046
181054
201035
181068
181072
201053
176079
181079
196023
181085
186062
181088
196029
181095
196036
196044
201092
181113
201095
196052
196055
181122
201102
196059
176128
201106
181131
186112
186122
181148
196085
181156
196095
191125
196099
196109
201165
181184
186161
186171
201183
201187
181219
181223
196180
196183
181253
186232
201240
201243
196194
186238
181275
181281
201264
181284
181288
181291
186283
181311
196246
186291
201302
196254
201309
201320
201335
181354
201346
186330
201349
176384
196317
181406
186370
196337
181421
181424
201400
181430
181436
181455
201432
186424
181462
201438
181466
186435
201451
191456
201485
186473
191465
186486
186491
181534
186497
186500
186503
186515
201547
186537
181580
201558
186547
181595
201579
181613
181616
181619
186582
191574
186598
201617
181652
191601
181659
181663
186627
201657
181685
176702
181690
201675
181703
181706
201707
181730
181739
201718
186710
181755
186718
181771
181776
181811
181814
201799
181823
201818
181847
186811
201838
186817
186821
186824
181890
201877
186861
181911
186869
181934
201914
201918
201925
181952
201935
181960
181963
186917
181971
186940
201969
201975
186950
186954
186961
187009
182061
187016
202054
187041
202076
196917
187051
196923
202086
187056
187060
187063
202095
202100
202103
202106
187078
202111
187081
196956
192090
196976
196985
187123
187142
202175
182198
192154
182211
202209
182231
202228
187198
202232
192196
182252
187213
192203
202248
177301
202264
182278
197102
182298
187261
187265
187271
192263
182331
192284
182344
192295
202339
182351
202343
182354
192303
182357
192307
187334
202389
187375
182426
182433
202429
187404
202450
202453
187427
187434
182492
182496
202501
187475
187478
202513
187486
182525
202520
187492
187510
202543
187513
182551
187517
202548
202552
192516
202568
202603
187580
202611
177668
192579
187593
187599
202633
202636
177707
202652
202674
202680
197510
202683
202686
192650
202690
202697
202704
187711
187723
187727
192731
187749
187759
187765
187769
202801
187773
187776
182811
187787
192783
182827
187805
192814
192820
182858
192824
182861
187831
187844
182878
182883
202887
187861
182894
182897
182910
182922
192895
187900
187907
182946
202952
182952
202957
187927
182965
187935
187941
187955
202998
187961
203001
203004
187970
203007
187973
203011
187991
203035
193012
203053
188022
188025
197884
178127
203065
188031
178130
203069
193034
197893
193044
193047
197912
188066
193065
178174
188079
178188
193092
178197
183134
203139
203143
203147
178213
203152
183157
203167
178234
203177
203184
178252
203190
183191
183194
178264
203200
203206
178272
188178
188181
203214
183216
188188
183223
188199
183228
178296
203235
188209
183237
183244
183247
183251
183256
188239
183281
183284
178357
183287
203299
183293
193283
203323
178391
203331
178402
188311
188314
203346
203351
203355
188330
178426
203360
203365
188346
203376
188349
193360
183384
178472
183400
178484
188390
183415
183418
193399
193402
188405
193408
193411
193429
188430
178531
188451
188455
198307
203492
193465
188467
193468
193485
193500
188507
193512
193516
188521
193525
183551
178637
188542
188545
183564
183574
193558
188559
188569
188572
178678
188582
203619
203622
188591
178698
188600
198446
193616
183651
188635
198495
178753
178756
183674
178761
188683
188689
198534
188692
178802
188704
183726
188712
193734
178855
188753
193760
198597
193769
188771
203812
198615
178880
188777
178884
193792
178901
203861
188828
183850
188856
183875
188863
188866
188869
193885
193888
188887
183906
193899
203934
183909
198736
193909
179014
203955
179022
188920
198765
188933
183946
179044
198777
188941
193947
179050
188946
188952
193965
188960
188969
193976
188989
198828
193999
189011
179121
194020
179131
198868
194037
194043
179161
194059
189060
194066
204115
194096
189093
194113
189149
179260
189155
179267
189161
189172
194180
189182
204228
189190
189194
194207
204243
189204
189207
189210
189216
189219
179340
204268
189236
189239
179357
179366
184276
179376
189265
189274
194287
179411
194301
184316
189313
184334
194335
194338
194341
204387
189345
189352
179485
189377
184409
194420
189419
194427
199268
189432
199276
189441
194449
199286
194459
194462
194477
179597
194480
194489
189484
194495
179616
194498
179619
194504
194507
189508
189512
194521
179646
179649
189528
189531
199376
189534
194542
199381
199396
199404
189565
189580
179716
199431
189591
199435
189597
189611
189622
199466
194645
189648
179783
189659
184687
189668
179836
199552
194721
189718
184760
179869
189740
179872
179875
194752
199593
179884
189756
179890
179896
179899
179908
179916
189794
199646
189802
179934
179940
179943
189812
199658
199663
199670
189827
179961
204882
189830
194849
194855
194873
199711
189868
194879
194885
189877
194893
204938
189893
189896
189907
194919
194922
189922
199771
189937
194950
189941
189944
199792
189947
194959
199796
189950
184986
199803
199831
189988
199837
189991
189996
199861
199867
199885
190085
199917
175227
199924
200176
199973
199988
190179
185162
190269
190276
195106
195124
200345
195150
180359
180370
190363
185358
195236
195250
195282
190465
195302
180516
185483
195373
180581
180602
180623
175770
180670
200687
185633
195516
200733
180729
180735
180738
200752
180741
185742
195642
180856
200877
180870
195741
200964
180979
180997
195818
195824
195830
195837
195844
195847
181051
181075
181099
201110
181107
186085
191119
201172
186106
181230
196033
186174
196075
186224
196103
181328
196125
186257
181341
186272
196155
186294
201413
181417
201423
196223
201441
186365
201455
181474
181552
201553
186470
186481
186550
181655
186589
201679
186620
201722
191685
181817
201806
201814
181842
201832
175235
203934
181855
188941
186792
186814
181947
186897
186902
182012
